Frame_Number;Time;Total_Angles_x;Total_Angles_y;isSaccade;isSaccadeLeftRight;isSaccaderRadial;Head_Rotation_x;Head_Rotation_y;Head_Position;messages;
1;439.427;70.47953;-19.52042;0;0;0;0;0;(0.0, 1.6, 0.0)
2;439.427;-6.296671;-35.64455;1;1;1;-5.225983;8.776001;(0.3, 1.6, 0.0)SaccadeStart;
3;439.447;-12.4799;-7.409246;0;0;1;-7.682404;6.037537;(0.3, 1.6, 0.0)
4;439.473;1.769647;-16.22387;1;0;1;-8.248413;5.827515;(0.3, 1.6, 0.0)SaccadeStart;
5;439.495;1.380625;-16.27962;0;0;0;-8.512085;5.711212;(0.3, 1.6, 0.0)
6;439.522;-0.04819959;-14.51427;1;0;1;-8.786957;5.520966;(0.3, 1.6, 0.0)SaccadeStart;
7;439.553;-0.636812;-14.45408;0;0;0;-9.066559;5.271637;(0.3, 1.6, 0.0)
8;439.581;-7.087979;-13.77903;1;1;1;-9.333038;4.997925;(0.3, 1.6, 0.0)SaccadeStart;
9;439.609;-6.008126;-16.06966;0;0;1;-9.616211;4.711029;(0.3, 1.6, 0.0)
10;439.640;-2.423267;-17.80782;1;0;1;-9.891724;4.458099;(0.3, 1.6, 0.0)SaccadeStart;
11;439.672;-0.7737642;-16.80571;0;0;1;-10.18488;4.237335;(0.3, 1.6, 0.0)
12;439.693;-0.7582511;-16.80845;0;0;0;-10.46979;4.063965;(0.3, 1.6, 0.0)
13;439.709;-0.8890899;-16.90707;0;0;0;-10.61633;3.98819;(0.3, 1.6, 0.0)
14;439.736;-0.900604;-16.94867;0;0;0;-10.86359;3.881531;(0.3, 1.6, 0.0)
15;439.751;-1.078191;-17.11403;0;0;0;-10.98035;3.84317;(0.3, 1.6, 0.0)
16;439.781;-1.164181;-17.17721;0;0;0;-11.1572;3.801514;(0.3, 1.6, 0.0)
17;439.808;-1.356695;-17.28393;0;0;0;-11.27136;3.793457;(0.3, 1.6, 0.0)
18;439.839;-3.821292;-16.76816;1;1;1;-11.33041;3.821594;(0.3, 1.6, 0.0)SaccadeStart;
19;439.868;-5.553851;-10.87417;0;0;1;-11.34586;3.875549;(0.3, 1.6, 0.0)
20;439.888;-5.538173;-10.85682;0;0;0;-11.33737;3.903839;(0.3, 1.6, 0.0)
21;439.961;-5.525272;-10.82782;0;0;0;-11.3063;3.963593;(0.3, 1.6, 0.0)
22;439.984;-5.478987;-9.213644;1;0;1;-11.25626;4.028168;(0.3, 1.6, 0.0)SaccadeStart;
23;440.012;-4.586164;-8.063436;0;0;1;-11.02106;4.157654;(0.3, 1.6, 0.0)
24;440.039;-4.878767;-7.386402;0;0;0;-10.88538;4.191681;(0.3, 1.6, 0.0)
25;440.065;-4.584208;-7.151096;0;0;0;-10.74109;4.226532;(0.3, 1.6, 0.0)
26;440.083;-4.625389;-7.185655;0;0;0;-10.67688;4.242279;(0.3, 1.6, 0.0)
27;440.109;-4.651529;-7.176971;0;0;0;-10.56598;4.261902;(0.3, 1.6, 0.0)
28;440.136;-10.72433;-17.6775;1;0;1;-10.49225;4.262085;(0.3, 1.6, 0.0)SaccadeStart;
29;440.154;-3.464127;-8.101579;0;0;1;-10.46429;4.258026;(0.3, 1.6, 0.0)
30;440.180;-3.466184;-8.100728;0;0;0;-10.42856;4.250275;(0.3, 1.6, 0.0)
31;440.208;-3.47495;-8.107719;0;0;0;-10.40942;4.257416;(0.3, 1.6, 0.0)
32;440.237;-3.347263;-8.166586;0;0;0;-10.4003;4.264282;(0.3, 1.6, 0.0)
33;440.267;-3.344937;-8.165039;0;0;0;-10.39758;4.259857;(0.3, 1.6, 0.0)
34;440.297;-3.354403;-8.17569;0;0;0;-10.40854;4.256836;(0.3, 1.6, 0.0)
35;440.322;-3.377576;-8.186325;0;0;0;-10.43024;4.261017;(0.3, 1.6, 0.0)
36;440.338;-3.407763;-8.188718;0;0;0;-10.44751;4.264618;(0.3, 1.6, 0.0)
37;440.366;-3.436058;-8.190567;0;0;0;-10.48282;4.271606;(0.3, 1.6, 0.0)
38;440.394;-3.48649;-8.190704;0;0;0;-10.5181;4.280762;(0.3, 1.6, 0.0)
39;440.461;-3.534706;-8.189818;0;0;0;-10.55624;4.283966;(0.3, 1.6, 0.0)
40;440.481;-3.581372;-8.192092;0;0;0;-10.59668;4.292328;(0.3, 1.6, 0.0)
41;440.508;-3.631026;-8.186022;0;0;0;-10.65881;4.339233;(0.3, 1.6, 0.0)
42;440.523;-3.696017;-8.144885;0;0;0;-10.67361;4.347198;(0.3, 1.6, 0.0)
43;440.540;-3.712841;-8.138974;0;0;0;-10.68793;4.350739;(0.3, 1.6, 0.0)
44;440.565;-3.473512;-8.11284;0;0;0;-10.71808;4.343414;(0.3, 1.6, 0.0)
45;440.582;-3.473492;-8.111634;0;0;0;-10.73004;4.333618;(0.3, 1.6, 0.0)
46;440.607;-3.478082;-8.111273;0;0;0;-10.74713;4.304932;(0.3, 1.6, 0.0)
47;440.623;-5.295301;-9.578623;1;0;1;-10.75003;4.291046;(0.3, 1.6, 0.0)SaccadeStart;
48;440.651;-3.999069;-9.435599;0;0;0;-10.74588;4.261963;(0.3, 1.6, 0.0)
49;440.680;-4.050717;-9.391483;0;0;0;-10.73752;4.234924;(0.3, 1.6, 0.0)
50;440.695;-5.049091;-9.12106;1;1;1;-10.73868;4.223083;(0.3, 1.6, 0.0)SaccadeStart;
51;440.721;-5.168179;-7.892406;0;0;0;-10.76166;4.225098;(0.3, 1.6, 0.0)
52;440.738;-5.00185;-7.651392;0;0;0;-10.78378;4.241821;(0.3, 1.6, 0.0)
53;440.765;-4.745198;-7.64995;0;0;0;-10.85687;4.30127;(0.3, 1.6, 0.0)
54;440.793;-5.097887;-8.440356;0;0;0;-10.95752;4.394562;(0.3, 1.6, 0.0)
55;440.808;-6.33488;-8.831365;1;1;1;-11.02396;4.457336;(0.3, 1.6, 0.0)SaccadeStart;
56;440.836;-5.584926;-8.62739;0;0;0;-11.16409;4.580383;(0.3, 1.6, 0.0)
57;440.851;-5.488818;-8.701805;0;0;0;-11.24619;4.640747;(0.3, 1.6, 0.0)
58;440.866;-5.504565;-8.703327;0;0;0;-11.32336;4.694427;(0.3, 1.6, 0.0)
59;440.882;-5.438607;-8.73015;0;0;0;-11.39999;4.7435;(0.3, 1.6, 0.0)
60;440.911;-5.24442;-8.954387;0;0;0;-11.55582;4.830109;(0.3, 1.6, 0.0)
61;440.980;-5.207407;-8.976065;0;0;0;-11.69833;4.878448;(0.3, 1.6, 0.0)
62;441.002;-4.980427;-8.855792;0;0;0;-11.83282;4.884857;(0.3, 1.6, 0.0)
63;441.022;-4.930918;-8.770294;0;0;0;-12.02155;4.7995;(0.3, 1.6, 0.0)
64;441.052;-5.202394;-8.30371;0;0;0;-12.09442;4.737488;(0.3, 1.6, 0.0)
65;441.080;-5.094107;-8.43222;0;0;0;-12.15701;4.670197;(0.3, 1.6, 0.0)
66;441.107;-9.540015;-16.96108;1;0;1;-12.21136;4.610107;(0.3, 1.6, 0.0)SaccadeStart;
67;441.122;-5.073381;-8.355657;0;0;1;-12.2388;4.584991;(0.3, 1.6, 0.0)
68;441.152;-5.0762;-8.359226;0;0;0;-12.2941;4.532562;(0.3, 1.6, 0.0)
69;441.180;-5.21222;-8.530058;0;0;0;-12.33896;4.498108;(0.3, 1.6, 0.0)
70;441.208;-5.245835;-8.56504;0;0;0;-12.38293;4.485962;(0.3, 1.6, 0.0)
71;441.236;-5.290572;-8.574831;0;0;0;-12.42175;4.484375;(0.3, 1.6, 0.0)
72;441.251;-5.33565;-8.576613;0;0;0;-12.43707;4.481323;(0.3, 1.6, 0.0)
73;441.266;-5.350371;-8.584224;0;0;0;-12.44797;4.480042;(0.3, 1.6, 0.0)
74;441.294;-5.363025;-8.58547;0;0;0;-12.45804;4.496033;(0.3, 1.6, 0.0)
75;441.321;-5.37604;-8.569931;0;0;0;-12.44601;4.525269;(0.3, 1.6, 0.0)
76;441.338;-5.372172;-8.544667;0;0;0;-12.42963;4.543304;(0.3, 1.6, 0.0)
77;441.363;-5.358069;-8.527736;0;0;0;-12.38345;4.572815;(0.3, 1.6, 0.0)
78;441.379;-5.319775;-8.500072;0;0;0;-12.3598;4.579315;(0.3, 1.6, 0.0)
79;441.392;-5.298774;-8.495308;0;0;0;-12.33847;4.576202;(0.3, 1.6, 0.0)
80;441.430;-5.278744;-8.498485;0;0;0;-12.31656;4.564453;(0.3, 1.6, 0.0)
81;441.488;-5.259635;-8.511418;0;0;0;-12.28836;4.522797;(0.3, 1.6, 0.0)
82;441.507;-5.231299;-8.554686;0;0;0;-12.2908;4.512634;(0.3, 1.6, 0.0)
83;441.520;-5.233326;-8.570118;0;0;0;-12.35205;4.529724;(0.3, 1.6, 0.0)
84;441.536;-5.301906;-8.552429;0;0;0;-12.3772;4.531769;(0.3, 1.6, 0.0)
85;441.551;-5.084794;-8.371312;0;0;0;-12.40829;4.532043;(0.3, 1.6, 0.0)
86;441.580;-5.095796;-8.375121;0;0;0;-12.47266;4.53064;(0.3, 1.6, 0.0)
87;441.607;-5.105014;-8.380366;0;0;0;-12.54816;4.535675;(0.3, 1.6, 0.0)
88;441.623;0.8458661;-12.17205;1;0;1;-12.58371;4.54129;(0.3, 1.6, 0.0)SaccadeStart;
89;441.650;0.8058048;-12.1707;0;0;0;-12.64703;4.555206;(0.3, 1.6, 0.0)
90;441.664;0.7289106;-12.1669;0;0;0;-12.67566;4.574615;(0.3, 1.6, 0.0)
91;441.677;0.6938651;-12.15323;0;0;0;-12.69431;4.584564;(0.3, 1.6, 0.0)
92;441.691;0.6687955;-12.14957;0;0;0;-12.71036;4.58786;(0.3, 1.6, 0.0)
93;441.706;0.6464515;-12.15134;0;0;0;-12.72418;4.588257;(0.3, 1.6, 0.0)
94;441.720;0.6253138;-12.1564;0;0;0;-12.73264;4.578552;(0.3, 1.6, 0.0)
95;441.734;0.6127803;-12.1716;0;0;0;-12.73648;4.562347;(0.3, 1.6, 0.0)
96;441.749;0.6074444;-12.19043;0;0;0;-12.737;4.543823;(0.3, 1.6, 0.0)
97;441.762;0.6008869;-12.21091;0;0;0;-12.73471;4.523285;(0.3, 1.6, 0.0)
98;441.778;0.6025584;-12.23259;0;0;0;-12.73141;4.498718;(0.3, 1.6, 0.0)
99;441.791;0.6094196;-12.25717;0;0;0;-12.72644;4.471649;(0.3, 1.6, 0.0)
100;441.809;0.6142766;-12.28319;0;0;0;-12.71948;4.444489;(0.3, 1.6, 0.0)
101;441.833;0.623287;-12.3123;0;0;0;-12.7002;4.407532;(0.3, 1.6, 0.0)
102;441.847;0.6511831;-12.33964;0;0;0;-12.69244;4.396118;(0.3, 1.6, 0.0)
103;441.862;0.6624822;-12.34856;0;0;0;-12.68909;4.386505;(0.3, 1.6, 0.0)
104;441.878;0.6682824;-12.35625;0;0;0;-12.69073;4.38028;(0.3, 1.6, 0.0)
105;441.891;0.6673965;-12.36187;0;0;0;-12.69757;4.37738;(0.3, 1.6, 0.0)
106;441.905;0.6596566;-12.36551;0;0;0;-12.70917;4.37558;(0.3, 1.6, 0.0)
107;441.919;0.6458547;-12.36913;0;0;0;-12.72516;4.376068;(0.3, 1.6, 0.0)
108;441.932;0.6256205;-12.37229;0;0;0;-12.74292;4.3797;(0.3, 1.6, 0.0)
109;441.947;0.6032627;-12.37303;0;0;0;-12.76208;4.385559;(0.3, 1.6, 0.0)
110;441.988;0.5797868;-12.37065;0;0;0;-12.78427;4.394348;(0.3, 1.6, 0.0)
111;442.002;0.552579;-12.36565;0;0;0;-12.80276;4.401123;(0.3, 1.6, 0.0)
112;442.019;0.5263987;-12.36535;0;0;0;-12.84238;4.400513;(0.3, 1.6, 0.0)
113;442.034;0.4760671;-12.37628;0;0;0;-12.84641;4.403259;(0.3, 1.6, 0.0)
114;442.048;0.4711636;-12.37445;0;0;0;-12.84546;4.408875;(0.3, 1.6, 0.0)
115;442.066;0.4731413;-12.36682;0;0;0;-12.83685;4.416779;(0.3, 1.6, 0.0)
116;442.094;0.4813101;-12.35789;0;0;0;-12.80087;4.429108;(0.3, 1.6, 0.0)
117;442.123;0.5241023;-12.33972;0;0;0;-12.75864;4.418091;(0.3, 1.6, 0.0)
118;442.154;0.5761737;-12.34389;0;0;0;-12.73224;4.401123;(0.3, 1.6, 0.0)
119;442.177;0.6121895;-12.35299;0;0;0;-12.72839;4.393829;(0.3, 1.6, 0.0)
120;442.192;0.6195192;-12.35647;0;0;0;-12.73264;4.39212;(0.3, 1.6, 0.0)
121;442.204;0.6158428;-12.35789;0;0;0;-12.7403;4.387634;(0.3, 1.6, 0.0)
122;442.219;0.6081703;-12.36221;0;0;0;-12.75006;4.378906;(0.3, 1.6, 0.0)
123;442.234;0.598848;-12.37047;0;0;0;-12.75861;4.364319;(0.3, 1.6, 0.0)
124;442.249;0.5909569;-12.38498;0;0;0;-12.7692;4.34137;(0.3, 1.6, 0.0)
125;442.262;0.5820498;-12.40749;0;0;0;-12.77911;4.316925;(0.3, 1.6, 0.0)
126;442.277;0.5737212;-12.43118;0;0;0;-12.78845;4.293732;(0.3, 1.6, 0.0)
127;442.290;0.5654895;-12.4537;0;0;0;-12.79764;4.272217;(0.3, 1.6, 0.0)
128;442.306;0.5566779;-12.47554;0;0;0;-12.80505;4.254333;(0.3, 1.6, 0.0)
129;442.319;0.5483665;-12.49522;0;0;0;-12.80966;4.241058;(0.3, 1.6, 0.0)
130;442.333;0.542487;-12.50962;0;0;0;-12.81122;4.236786;(0.3, 1.6, 0.0)
131;442.347;0.5415856;-12.51286;0;0;0;-12.80765;4.23819;(0.3, 1.6, 0.0)
132;442.362;0.5449343;-12.51166;0;0;0;-12.79922;4.240265;(0.3, 1.6, 0.0)
133;442.377;0.5509703;-12.51163;0;0;0;-12.78796;4.241211;(0.3, 1.6, 0.0)
134;442.390;0.5592992;-12.51316;0;0;0;-12.77554;4.24353;(0.3, 1.6, 0.0)
135;442.412;0.5695575;-12.51181;0;0;0;-12.76166;4.244781;(0.3, 1.6, 0.0)
136;442.433;0.5809336;-12.51291;0;0;0;-12.73724;4.250366;(0.3, 1.6, 0.0)
137;442.447;0.6044989;-12.50785;0;0;0;-12.72705;4.259064;(0.3, 1.6, 0.0)
138;442.486;0.611912;-12.50137;0;0;0;-12.71869;4.275055;(0.3, 1.6, 0.0)
139;442.501;0.6145993;-12.48986;0;0;0;-12.71234;4.300079;(0.3, 1.6, 0.0)
140;442.518;0.6115288;-12.47394;0;0;0;-12.7218;4.393951;(0.3, 1.6, 0.0)
141;442.533;0.5790823;-12.39647;0;0;0;-12.73416;4.428253;(0.3, 1.6, 0.0)
142;442.547;0.558735;-12.36825;0;0;0;-12.74838;4.464447;(0.3, 1.6, 0.0)
143;442.563;0.5374095;-12.33887;0;0;0;-12.76361;4.503815;(0.3, 1.6, 0.0)
144;442.577;0.5138833;-12.30689;0;0;0;-12.78183;4.558807;(0.3, 1.6, 0.0)
145;442.591;0.4877777;-12.25744;0;0;0;-12.80093;4.619293;(0.3, 1.6, 0.0)
146;442.605;0.462117;-12.20118;0;0;0;-12.81973;4.685211;(0.3, 1.6, 0.0)
147;442.620;0.4369743;-12.14019;0;0;0;-12.84161;4.7547;(0.3, 1.6, 0.0)
148;442.635;0.4085152;-12.0758;0;0;0;-12.86618;4.813965;(0.3, 1.6, 0.0)
149;442.649;0.3780372;-12.02075;0;0;0;-12.89874;4.871246;(0.3, 1.6, 0.0)
150;442.663;0.3399605;-11.96734;0;0;0;-12.93451;4.916412;(0.3, 1.6, 0.0)
151;442.676;0.2994797;-11.92584;0;0;0;-12.97568;4.95224;(0.3, 1.6, 0.0)
152;442.691;0.2537008;-11.89374;0;0;0;-13.02145;4.979553;(0.3, 1.6, 0.0)
153;442.705;0.2033178;-11.86982;0;0;0;-13.06882;4.996826;(0.3, 1.6, 0.0)
154;442.720;0.1512337;-11.85693;0;0;0;-13.11505;5.007507;(0.3, 1.6, 0.0)
155;442.733;0.09967375;-11.85044;0;0;0;-13.16092;5.013489;(0.3, 1.6, 0.0)
156;442.747;0.04814972;-11.84914;0;0;0;-13.1976;5.01593;(0.3, 1.6, 0.0)
157;442.763;0.006052671;-11.85131;0;0;0;-13.22623;5.01651;(0.3, 1.6, 0.0)
158;442.776;-0.02718359;-11.855;0;0;0;-13.24191;5.015472;(0.3, 1.6, 0.0)
159;442.792;-0.04639369;-11.85898;0;0;0;-13.24796;5.013458;(0.3, 1.6, 0.0)
160;442.806;-0.05552379;-11.86366;0;0;0;-13.24625;5.012451;(0.3, 1.6, 0.0)
161;442.819;-0.05568904;-11.86626;0;0;0;-13.23642;5.01535;(0.3, 1.6, 0.0)
162;442.833;-0.04822776;-11.8645;0;0;0;-13.22086;5.021027;(0.3, 1.6, 0.0)
163;442.847;-0.03402229;-11.86003;0;0;0;-13.19995;5.029755;(0.3, 1.6, 0.0)
164;442.863;-0.01510257;-11.85195;0;0;0;-13.17346;5.03894;(0.3, 1.6, 0.0)
165;442.876;0.01036095;-11.84315;0;0;0;-13.14716;5.046478;(0.3, 1.6, 0.0)
166;442.891;0.0361061;-11.83583;0;0;0;-13.12128;5.051605;(0.3, 1.6, 0.0)
167;442.906;0.0616726;-11.83081;0;0;0;-13.09824;5.056244;(0.3, 1.6, 0.0)
168;442.919;0.08412515;-11.82591;0;0;0;-13.07623;5.063293;(0.3, 1.6, 0.0)
169;442.934;0.1042626;-11.81961;0;0;0;-13.05807;5.067993;(0.3, 1.6, 0.0)
170;442.948;0.1189883;-11.81755;0;0;0;-13.04184;5.071991;(0.3, 1.6, 0.0)
171;442.985;0.132076;-11.81623;0;0;0;-13.03079;5.075989;(0.3, 1.6, 0.0)
172;442.998;0.1415498;-11.81299;0;0;0;-13.02167;5.078461;(0.3, 1.6, 0.0)
173;443.020;0.1440649;-11.81345;0;0;0;-13.00885;5.062408;(0.3, 1.6, 0.0)
174;443.034;0.1557479;-11.83262;0;0;0;-13.00897;5.052429;(0.3, 1.6, 0.0)
175;443.047;0.1557091;-11.84245;0;0;0;-13.01031;5.041229;(0.3, 1.6, 0.0)
176;443.062;0.1548112;-11.85316;0;0;0;-13.01251;5.029663;(0.3, 1.6, 0.0)
177;443.077;0.1529577;-11.86437;0;0;0;-13.01331;5.017639;(0.3, 1.6, 0.0)
178;443.090;0.1527443;-11.8764;0;0;0;-13.01456;5.008484;(0.3, 1.6, 0.0)
179;443.105;0.1512535;-11.88598;0;0;0;-13.01471;5.001099;(0.3, 1.6, 0.0)
180;443.118;0.1508859;-11.89361;0;0;0;-13.01364;4.996948;(0.3, 1.6, 0.0)
181;443.133;0.1511683;-11.8981;0;0;0;-13.01294;4.994751;(0.3, 1.6, 0.0)
182;443.149;0.1515752;-11.90066;0;0;0;-13.00964;4.99408;(0.3, 1.6, 0.0)
183;443.162;0.1539611;-11.90178;0;0;0;-13.00562;4.994629;(0.3, 1.6, 0.0)
184;443.177;0.156511;-11.90258;0;0;0;-12.99878;4.994934;(0.3, 1.6, 0.0)
185;443.191;0.1615003;-11.90337;0;0;0;-12.98901;4.997986;(0.3, 1.6, 0.0)
186;443.212;0.1687646;-11.90245;0;0;0;-12.97757;5.002136;(0.3, 1.6, 0.0)
187;443.233;0.1756833;-11.90077;0;0;0;-12.94965;5.021454;(0.3, 1.6, 0.0)
188;443.247;0.2042711;-11.88123;0;0;0;-12.93472;5.031891;(0.3, 1.6, 0.0)
189;443.262;0.216818;-11.87214;0;0;0;-12.91931;5.041992;(0.3, 1.6, 0.0)
190;443.276;0.2297336;-11.86367;0;0;0;-12.90292;5.051392;(0.3, 1.6, 0.0)
191;443.290;0.2438118;-11.85607;0;0;0;-12.88824;5.058472;(0.3, 1.6, 0.0)
192;443.305;0.2556741;-11.85104;0;0;0;-12.87482;5.066895;(0.3, 1.6, 0.0)
193;443.319;0.2668612;-11.84412;0;0;0;-12.86224;5.077576;(0.3, 1.6, 0.0)
194;443.332;0.2774146;-11.83468;0;0;0;-12.84979;5.08847;(0.3, 1.6, 0.0)
195;443.347;0.2870493;-11.8257;0;0;0;-12.83722;5.101013;(0.3, 1.6, 0.0)
196;443.363;0.2956474;-11.8158;0;0;0;-12.82443;5.113922;(0.3, 1.6, 0.0)
197;443.377;0.3048362;-11.8055;0;0;0;-12.81113;5.127991;(0.3, 1.6, 0.0)
198;443.391;0.3150623;-11.79355;0;0;0;-12.79898;5.140045;(0.3, 1.6, 0.0)
199;443.416;0.324886;-11.78313;0;0;0;-12.78928;5.151672;(0.3, 1.6, 0.0)
200;443.432;0.3284393;-11.77504;0;0;0;-12.76898;5.172424;(0.3, 1.6, 0.0)
201;443.447;0.3456115;-11.7574;0;0;0;-12.7594;5.181427;(0.3, 1.6, 0.0)
202;443.462;0.3518858;-11.75063;0;0;0;-12.75003;5.190186;(0.3, 1.6, 0.0)
203;443.499;0.3581073;-11.74385;0;0;0;-12.74033;5.198883;(0.3, 1.6, 0.0)
204;443.512;0.3662144;-11.73633;0;0;0;-12.72995;5.205841;(0.3, 1.6, 0.0)
205;443.534;0.3693211;-11.73204;0;0;0;-12.70071;5.2164;(0.3, 1.6, 0.0)
206;443.547;0.4055752;-11.71803;0;0;0;-12.69278;5.217651;(0.3, 1.6, 0.0)
207;443.564;0.4131553;-11.71741;0;0;0;-12.68814;5.217072;(0.3, 1.6, 0.0)
208;443.577;0.4171626;-11.71882;0;0;0;-12.68707;5.217743;(0.3, 1.6, 0.0)
209;443.591;0.4195275;-11.71681;0;0;0;-12.6879;5.219086;(0.3, 1.6, 0.0)
210;443.605;0.4197603;-11.71385;0;0;0;-12.68988;5.218384;(0.3, 1.6, 0.0)
211;443.619;0.4174874;-11.71484;0;0;0;-12.69498;5.214294;(0.3, 1.6, 0.0)
212;443.635;0.4123045;-11.71923;0;0;0;-12.70132;5.205688;(0.3, 1.6, 0.0)
213;443.649;0.4064009;-11.72798;0;0;0;-12.7117;5.193268;(0.3, 1.6, 0.0)
214;443.663;0.3980459;-11.73905;0;0;0;-12.72269;5.180847;(0.3, 1.6, 0.0)
215;443.677;0.3883957;-11.75027;0;0;0;-12.7359;5.166992;(0.3, 1.6, 0.0)
216;443.690;0.3770773;-11.76311;0;0;0;-12.74805;5.155975;(0.3, 1.6, 0.0)
217;443.705;0.3660471;-11.77359;0;0;0;-12.75912;5.14801;(0.3, 1.6, 0.0)
218;443.719;0.3553162;-11.78177;0;0;0;-12.76962;5.144867;(0.3, 1.6, 0.0)
219;443.734;0.3447905;-11.78506;0;0;0;-12.77777;5.145508;(0.3, 1.6, 0.0)
220;443.748;0.3363418;-11.78441;0;0;0;-12.78448;5.148438;(0.3, 1.6, 0.0)
221;443.762;0.3293745;-11.78156;0;0;0;-12.78912;5.150848;(0.3, 1.6, 0.0)
222;443.777;0.3237468;-11.77991;0;0;0;-12.78967;5.152466;(0.3, 1.6, 0.0)
223;443.791;0.3225436;-11.77855;0;0;0;-12.78738;5.152832;(0.3, 1.6, 0.0)
224;443.805;0.3240382;-11.77889;0;0;0;-12.7821;5.151276;(0.3, 1.6, 0.0)
225;443.819;0.3284958;-11.7814;0;0;0;-12.77402;5.149597;(0.3, 1.6, 0.0)
226;443.833;0.3375207;-11.78226;0;0;0;-12.76465;5.149902;(0.3, 1.6, 0.0)
227;443.847;0.3484783;-11.78047;0;0;0;-12.7533;5.151123;(0.3, 1.6, 0.0)
228;443.862;0.3603057;-11.77842;0;0;0;-12.74139;5.153687;(0.3, 1.6, 0.0)
229;443.877;0.3714729;-11.77586;0;0;0;-12.7269;5.154633;(0.3, 1.6, 0.0)
230;443.890;0.3857506;-11.77542;0;0;0;-12.71497;5.153625;(0.3, 1.6, 0.0)
231;443.906;0.397226;-11.77694;0;0;0;-12.7059;5.152557;(0.3, 1.6, 0.0)
232;443.920;0.4058257;-11.77795;0;0;0;-12.69855;5.153015;(0.3, 1.6, 0.0)
233;443.933;0.413086;-11.77756;0;0;0;-12.69366;5.154175;(0.3, 1.6, 0.0)
234;443.947;0.4168596;-11.77702;0;0;0;-12.69131;5.156281;(0.3, 1.6, 0.0)
235;443.963;0.4172779;-11.77687;0;0;0;-12.69131;5.15976;(0.3, 1.6, 0.0)
236;444.000;0.4146511;-11.77515;0;0;0;-12.69217;5.164337;(0.3, 1.6, 0.0)
237;444.015;0.4115739;-11.77214;0;0;0;-12.69287;5.168579;(0.3, 1.6, 0.0)
238;444.035;0.4007214;-11.77212;0;0;0;-12.69348;5.175629;(0.3, 1.6, 0.0)
239;444.048;0.4050009;-11.76489;0;0;0;-12.69183;5.176514;(0.3, 1.6, 0.0)
240;444.076;0.4050136;-11.76543;0;0;0;-12.68686;5.178101;(0.3, 1.6, 0.0)
241;444.095;0.4034131;-11.76669;0;0;0;-12.67178;5.182465;(0.3, 1.6, 0.0)
242;444.129;0.4154187;-11.7639;0;0;0;-12.65277;5.184967;(0.3, 1.6, 0.0)
243;444.152;0.4324779;-11.76302;0;0;0;-12.6333;5.189453;(0.3, 1.6, 0.0)
244;444.179;0.4455517;-11.76254;0;0;0;-12.61465;5.200989;(0.3, 1.6, 0.0)
245;444.194;0.4595308;-11.75697;0;0;0;-12.60394;5.208954;(0.3, 1.6, 0.0)
246;444.220;0.4626645;-11.75243;0;0;0;-12.58521;5.220551;(0.3, 1.6, 0.0)
247;444.235;0.4781858;-11.7448;0;0;0;-12.57425;5.22287;(0.3, 1.6, 0.0)
248;444.249;0.4844813;-11.74587;0;0;0;-12.5632;5.218964;(0.3, 1.6, 0.0)
249;444.263;0.4918364;-11.75309;0;0;0;-12.55276;5.211884;(0.3, 1.6, 0.0)
250;444.277;0.498701;-11.76274;0;0;0;-12.54309;5.204773;(0.3, 1.6, 0.0)
251;444.291;0.5056753;-11.77183;0;0;0;-12.53601;5.199097;(0.3, 1.6, 0.0)
252;444.305;0.5105692;-11.77929;0;0;0;-12.53076;5.195099;(0.3, 1.6, 0.0)
253;444.320;0.5126073;-11.78552;0;0;0;-12.52554;5.193451;(0.3, 1.6, 0.0)
254;444.333;0.5143102;-11.79029;0;0;0;-12.522;5.193695;(0.3, 1.6, 0.0)
255;444.348;0.5134239;-11.79346;0;0;0;-12.51999;5.197723;(0.3, 1.6, 0.0)
256;444.362;0.5099577;-11.7934;0;0;0;-12.52042;5.20462;(0.3, 1.6, 0.0)
257;444.378;0.5049377;-11.79026;0;0;0;-12.52063;5.211121;(0.3, 1.6, 0.0)
258;444.392;0.4999022;-11.78746;0;0;0;-12.52072;5.217407;(0.3, 1.6, 0.0)
259;444.415;0.494634;-11.78517;0;0;0;-12.51965;5.222015;(0.3, 1.6, 0.0)
260;444.433;0.4861137;-11.78647;0;0;0;-12.51752;5.235901;(0.3, 1.6, 0.0)
261;444.447;0.4847097;-11.77727;0;0;0;-12.51425;5.247803;(0.3, 1.6, 0.0)
262;444.465;0.4851234;-11.76704;0;0;0;-12.50897;5.263702;(0.3, 1.6, 0.0)
263;444.521;0.4818775;-11.7562;0;0;0;-12.49103;5.29715;(0.3, 1.6, 0.0)
264;444.537;0.4955295;-11.72701;0;0;0;-12.48001;5.313049;(0.3, 1.6, 0.0)
265;444.562;0.48908;-11.71944;0;0;0;-12.43381;5.363037;(0.3, 1.6, 0.0)
266;444.580;0.5412251;-11.66873;0;0;0;-12.42123;5.380219;(0.3, 1.6, 0.0)
267;444.593;0.551289;-11.65303;0;0;0;-12.40866;5.396179;(0.3, 1.6, 0.0)
268;444.619;0.5571019;-11.64011;0;0;0;-12.38867;5.424927;(0.3, 1.6, 0.0)
269;444.636;0.5775629;-11.61262;0;0;0;-12.38141;5.436401;(0.3, 1.6, 0.0)
270;444.650;0.5818051;-11.60279;0;0;0;-12.37512;5.447998;(0.3, 1.6, 0.0)
271;444.663;0.5863057;-11.59287;0;0;0;-12.37073;5.456726;(0.3, 1.6, 0.0)
272;444.677;0.5876231;-11.58619;0;0;0;-12.36774;5.464447;(0.3, 1.6, 0.0)
273;444.691;0.5881182;-11.58016;0;0;0;-12.36441;5.471405;(0.3, 1.6, 0.0)
274;444.706;0.5892906;-11.57461;0;0;0;-12.36224;5.475403;(0.3, 1.6, 0.0)
275;444.719;0.5890224;-11.57214;0;0;0;-12.35965;5.477173;(0.3, 1.6, 0.0)
276;444.734;0.5907549;-11.57138;0;0;0;-12.35825;5.476929;(0.3, 1.6, 0.0)
277;444.749;0.590714;-11.57216;0;0;0;-12.35748;5.475922;(0.3, 1.6, 0.0)
278;444.762;0.5904967;-11.5743;0;0;0;-12.35788;5.473114;(0.3, 1.6, 0.0)
279;444.777;0.589284;-11.57748;0;0;0;-12.36032;5.469818;(0.3, 1.6, 0.0)
280;444.791;0.5863033;-11.58131;0;0;0;-12.36438;5.463867;(0.3, 1.6, 0.0)
281;444.806;0.5821748;-11.58748;0;0;0;-12.3689;5.456726;(0.3, 1.6, 0.0)
282;444.819;0.5784862;-11.59408;0;0;0;-12.37466;5.449463;(0.3, 1.6, 0.0)
283;444.833;0.5744151;-11.59974;0;0;0;-12.37851;5.441895;(0.3, 1.6, 0.0)
284;444.849;0.5709894;-11.60699;0;0;0;-12.38147;5.430542;(0.3, 1.6, 0.0)
285;444.863;0.5688115;-11.61839;0;0;0;-12.38416;5.417755;(0.3, 1.6, 0.0)
286;444.879;0.5663838;-11.63072;0;0;0;-12.38605;5.401825;(0.3, 1.6, 0.0)
287;444.891;0.5668136;-11.64526;0;0;0;-12.38904;5.387329;(0.3, 1.6, 0.0)
288;444.906;0.5665123;-11.65722;0;0;0;-12.39435;5.373474;(0.3, 1.6, 0.0)
289;444.919;0.5652905;-11.66862;0;0;0;-12.39893;5.362457;(0.3, 1.6, 0.0)
290;444.934;0.5637578;-11.67743;0;0;0;-12.40323;5.354218;(0.3, 1.6, 0.0)
291;444.957;0.5612139;-11.68449;0;0;0;-12.40747;5.349243;(0.3, 1.6, 0.0)
292;444.977;0.5516564;-11.68997;0;0;0;-12.41779;5.348602;(0.3, 1.6, 0.0)
293;445.014;0.547892;-11.68857;0;0;0;-12.42084;5.349365;(0.3, 1.6, 0.0)
294;445.029;0.5449892;-11.6877;0;0;0;-12.42163;5.348999;(0.3, 1.6, 0.0)
295;445.048;0.5315028;-11.69094;0;0;0;-12.40878;5.338928;(0.3, 1.6, 0.0)
296;445.063;0.5597821;-11.69646;0;0;0;-12.40189;5.337311;(0.3, 1.6, 0.0)
297;445.079;0.5702376;-11.69442;0;0;0;-12.39288;5.336273;(0.3, 1.6, 0.0)
298;445.105;0.5770071;-11.6938;0;0;0;-12.37448;5.333191;(0.3, 1.6, 0.0)
299;445.120;0.6036302;-11.69416;0;0;0;-12.36642;5.330933;(0.3, 1.6, 0.0)
300;445.136;0.6134195;-11.69514;0;0;0;-12.36255;5.328674;(0.3, 1.6, 0.0)
301;445.149;0.6194936;-11.69553;0;0;0;-12.36166;5.325439;(0.3, 1.6, 0.0)
302;445.164;0.6229593;-11.69669;0;0;0;-12.3631;5.321106;(0.3, 1.6, 0.0)
303;445.177;0.6234763;-11.69931;0;0;0;-12.36615;5.31662;(0.3, 1.6, 0.0)
304;445.191;0.6225538;-11.70268;0;0;0;-12.37094;5.313721;(0.3, 1.6, 0.0)
305;445.205;0.6175227;-11.70577;0;0;0;-12.37613;5.313385;(0.3, 1.6, 0.0)
306;445.220;0.6113066;-11.70674;0;0;0;-12.38116;5.315979;(0.3, 1.6, 0.0)
307;445.234;0.606744;-11.70408;0;0;0;-12.38504;5.317535;(0.3, 1.6, 0.0)
308;445.250;0.6033275;-11.70193;0;0;0;-12.38889;5.316467;(0.3, 1.6, 0.0)
309;445.263;0.6000969;-11.70214;0;0;0;-12.38989;5.312988;(0.3, 1.6, 0.0)
310;445.278;0.6008986;-11.70485;0;0;0;-12.38757;5.307892;(0.3, 1.6, 0.0)
311;445.292;0.6042593;-11.70916;0;0;0;-12.38306;5.304077;(0.3, 1.6, 0.0)
312;445.306;0.6097639;-11.71197;0;0;0;-12.37601;5.302979;(0.3, 1.6, 0.0)
313;445.322;0.6178817;-11.71217;0;0;0;-12.36594;5.302124;(0.3, 1.6, 0.0)
314;445.347;0.6239791;-11.71159;0;0;0;-12.34647;5.29834;(0.3, 1.6, 0.0)
315;445.362;0.6566987;-11.70901;0;0;0;-12.33841;5.295197;(0.3, 1.6, 0.0)
316;445.377;0.6677074;-11.70936;0;0;0;-12.33163;5.291168;(0.3, 1.6, 0.0)
317;445.390;0.6775259;-11.71128;0;0;0;-12.32791;5.287628;(0.3, 1.6, 0.0)
318;445.417;0.6826695;-11.71336;0;0;0;-12.32605;5.284119;(0.3, 1.6, 0.0)
319;445.433;0.6919515;-11.71845;0;0;0;-12.32645;5.281433;(0.3, 1.6, 0.0)
320;445.449;0.6814336;-11.72154;0;0;0;-12.32782;5.281036;(0.3, 1.6, 0.0)
321;445.466;0.679799;-11.7221;0;0;0;-12.32819;5.276398;(0.3, 1.6, 0.0)
322;445.492;0.6709353;-11.72833;0;0;0;-12.32312;5.254089;(0.3, 1.6, 0.0)
323;445.530;0.6809756;-11.75193;0;0;0;-12.31885;5.239105;(0.3, 1.6, 0.0)
324;445.572;0.686172;-11.76614;0;0;0;-12.31418;5.221252;(0.3, 1.6, 0.0)
325;445.596;0.6652177;-11.7837;0;0;0;-12.28677;5.163208;(0.3, 1.6, 0.0)
326;445.619;0.7171636;-11.83796;0;0;0;-12.27826;5.157715;(0.3, 1.6, 0.0)
327;445.643;0.7310472;-11.84468;0;0;0;-12.27277;5.1604;(0.3, 1.6, 0.0)
328;445.658;0.7335383;-11.84377;0;0;0;-12.26688;5.164093;(0.3, 1.6, 0.0)
329;445.677;0.7298189;-11.84284;0;0;0;-12.2547;5.170532;(0.3, 1.6, 0.0)
330;445.691;0.7449197;-11.83934;0;0;0;-12.24719;5.176697;(0.3, 1.6, 0.0)
331;445.708;0.7520607;-11.83339;0;0;0;-12.23798;5.186493;(0.3, 1.6, 0.0)
332;445.721;0.7614244;-11.82251;0;0;0;-12.22659;5.198883;(0.3, 1.6, 0.0)
333;445.735;0.7734753;-11.80971;0;0;0;-3.711792;5.214996;(0.3, 1.6, 0.0)
334;445.750;9.251759;-11.94032;1;1;1;-2.951233;5.23172;(0.3, 1.6, 0.0)SaccadeStart;
335;445.766;9.944678;-11.76127;0;0;0;-2.931061;5.250427;(0.3, 1.6, 0.0)
336;445.791;9.964996;-11.74343;0;0;0;-2.89682;5.304291;(0.3, 1.6, 0.0)
337;445.806;10.00395;-11.68666;0;0;0;-2.878448;5.338623;(0.3, 1.6, 0.0)
338;445.821;10.02485;-11.65071;0;0;0;-2.851257;5.392029;(0.3, 1.6, 0.0)
339;445.834;10.05475;-11.59577;0;0;0;-2.828857;5.456238;(0.3, 1.6, 0.0)
340;445.848;10.07839;-11.53169;0;0;0;-2.809631;5.53186;(0.3, 1.6, 0.0)
341;445.864;10.09689;-11.45793;0;0;0;-2.796814;5.625031;(0.3, 1.6, 0.0)
342;445.879;10.10862;-11.36728;0;0;0;-2.793488;5.72525;(0.3, 1.6, 0.0)
343;445.893;10.11075;-11.26983;0;0;0;-2.792908;5.840271;(0.3, 1.6, 0.0)
344;445.922;7.92117;-6.617906;1;0;1;0.3807962;6.177429;(0.3, 1.6, 0.0)SaccadeStart;
345;445.939;7.762163;-7.129706;0;0;0;0.3324335;6.362976;(0.3, 1.6, 0.0)
346;445.966;9.102431;-6.100063;1;0;1;0.1981805;6.801239;(0.3, 1.6, 0.0)SaccadeStart;
347;445.993;9.131338;-6.994622;0;0;0;0.06998023;7.291168;(0.3, 1.6, 0.0)
348;446.051;9.220083;-6.21518;0;0;0;0.02767886;7.557159;(0.3, 1.6, 0.0)
349;446.074;9.145815;-6.158031;0;0;0;0.03022372;8.130127;(0.3, 1.6, 0.0)
350;446.094;13.01089;-6.447524;1;1;1;0.4971373;9.147705;(0.3, 1.6, 0.0)SaccadeStart;
351;446.134;13.26783;-5.670355;0;0;0;1.000487;9.571503;(0.3, 1.6, 0.0)
352;446.157;12.76593;-6.011325;0;0;0;-10.55603;9.939056;(0.3, 1.6, 0.0)
353;446.181;2.136455;-5.973068;1;1;1;-9.728058;10.33685;(0.3, 1.6, 0.0)SaccadeStart;
354;446.211;2.306201;-5.597798;0;0;0;-8.859467;10.74939;(0.3, 1.6, 0.0)
355;446.237;12.14231;-6.822927;1;1;1;-7.87265;11.24057;(0.3, 1.6, 0.0)SaccadeStart;
356;446.266;11.27939;-6.16129;0;0;0;-6.780975;11.82837;(0.3, 1.7, 0.0)
357;446.293;10.34497;-5.971502;0;0;0;-5.622406;12.47678;(0.3, 1.7, 0.0)
358;446.309;10.07741;-5.336889;0;0;0;-5.000275;12.82629;(0.3, 1.7, 0.0)
359;446.337;10.24911;-5.258099;0;0;0;-3.608093;13.60687;(0.3, 1.7, 0.0)
360;446.367;9.694578;-4.241016;0;0;0;-2.106018;14.43286;(0.3, 1.7, 0.0)
361;446.394;8.61181;-3.726014;0;0;0;-0.6184082;15.20578;(0.3, 1.6, 0.0)
362;446.425;10.33326;-0.7992377;1;0;1;0.926164;15.95685;(0.3, 1.6, 0.0)SaccadeStart;
363;446.450;12.49578;0.7618135;0;0;1;2.391154;16.59058;(0.3, 1.6, 0.0)
364;446.466;12.45499;0.5414981;0;0;0;3.10387;16.86255;(0.3, 1.6, 0.0)
365;446.494;12.64815;0.5082657;0;0;0;4.499804;17.31952;(0.3, 1.6, 0.0)
366;446.572;12.95979;0.6328084;0;0;0;5.727315;17.65594;(0.3, 1.6, 0.0)
367;446.618;13.02006;1.09902;0;0;0;6.717747;17.89941;(0.3, 1.6, 0.0)
368;446.638;13.62548;1.187684;0;0;0;8.50738;18.1886;(0.3, 1.7, 0.0)
369;446.665;15.15248;1.475424;1;1;1;8.74071;18.17145;(0.3, 1.7, 0.0)SaccadeStart;
370;446.683;15.65998;1.82435;0;0;0;8.818376;18.1622;(0.3, 1.7, 0.0)
371;446.730;15.73926;1.816805;0;0;0;8.910172;18.15967;(0.3, 1.7, 0.0)
372;446.747;18.84418;3.70139;1;0;1;8.97;18.16711;(0.3, 1.7, 0.0)SaccadeStart;
373;446.764;19.05469;3.362648;0;0;0;9.004854;18.2384;(0.3, 1.7, 0.0)
374;446.792;19.09039;3.388939;0;0;0;9.022052;18.3772;(0.3, 1.7, 0.0)
375;446.809;19.02997;3.639373;0;0;0;9.02758;18.48138;(0.3, 1.7, 0.0)
376;446.837;18.97196;3.656286;0;0;0;9.013885;18.77054;(0.3, 1.7, 0.0)
377;446.852;19.30029;3.163293;0;0;0;8.996275;18.97153;(0.3, 1.7, 0.0)
378;446.880;19.3152;3.229382;0;0;0;8.916027;19.39795;(0.3, 1.7, 0.0)
379;446.909;19.94947;2.825886;0;0;0;8.756721;19.86572;(0.3, 1.7, 0.0)
380;446.935;17.95593;2.522198;1;1;1;8.504909;20.40167;(0.3, 1.7, 0.0)SaccadeStart;
381;446.950;19.79582;3.689276;0;0;1;8.340231;20.6868;(0.3, 1.7, 0.0)
382;446.966;19.81351;3.687498;0;0;0;8.167234;20.95245;(0.3, 1.7, 0.0)
383;446.993;20.48656;3.272614;0;0;0;7.770196;21.45465;(0.3, 1.7, 0.0)
384;447.008;20.49633;3.306577;0;0;0;7.549067;21.68521;(0.3, 1.7, 0.0)
385;447.023;20.48254;3.012089;0;0;0;7.302212;21.91223;(0.3, 1.7, 0.0)
386;447.082;20.95544;2.975551;0;0;0;6.853029;22.26031;(0.3, 1.7, 0.0)
387;447.103;25.06409;0.5275064;1;0;1;6.637314;22.40738;(0.3, 1.7, 0.0)SaccadeStart;
388;447.123;25.87725;-0.01876661;0;0;0;6.137565;22.75702;(0.3, 1.7, 0.0)
389;447.151;25.59273;0.2710952;0;0;0;6.101319;22.81122;(0.3, 1.7, 0.0)
390;447.181;25.55928;0.272382;0;0;0;6.182332;22.8208;(0.3, 1.7, 0.0)
391;447.209;26.80947;2.865253;1;0;1;6.357288;22.8187;(0.3, 1.7, 0.0)SaccadeStart;
392;447.236;26.64086;2.48454;0;0;0;6.621851;22.84155;(0.3, 1.7, 0.0)
393;447.250;26.83655;2.084807;0;0;0;6.788259;22.87115;(0.3, 1.7, 0.0)
394;447.267;26.75182;2.069322;0;0;0;6.96887;22.9072;(0.3, 1.7, 0.0)
395;447.294;26.70579;1.977224;0;0;0;7.422915;22.99677;(0.3, 1.7, 0.0)
396;447.309;26.13461;2.514759;1;0;1;7.731721;23.05469;(0.3, 1.7, -0.1)SaccadeStart;
397;447.336;25.89071;2.646073;0;0;0;8.476346;23.16333;(0.3, 1.7, -0.1)
398;447.352;25.57223;2.613196;0;0;0;8.971286;23.21005;(0.3, 1.7, -0.1)
399;447.379;25.38212;2.650851;0;0;0;10.04332;23.26984;(0.3, 1.7, -0.1)
400;447.395;24.69017;3.080602;0;0;0;10.63844;23.28998;(0.3, 1.7, -0.1)
401;447.436;24.62627;3.141711;0;0;0;11.96253;23.26843;(0.3, 1.7, -0.1)
402;447.452;27.47332;2.897395;1;1;1;13.32003;23.06686;(0.3, 1.7, -0.1)SaccadeStart;
403;447.479;28.05396;2.888595;0;0;0;14.74822;22.53696;(0.3, 1.7, -0.1)
404;447.505;28.16509;3.857169;0;0;0;15.43981;22.12646;(0.3, 1.7, -0.1)
405;447.523;27.389;4.326161;0;0;0;16.83175;20.95047;(0.3, 1.7, -0.1)
406;447.583;28.08676;3.700921;0;0;0;18.03551;19.46274;(0.3, 1.7, -0.1)
407;447.631;28.39338;3.209132;0;0;0;18.59998;18.56766;(0.3, 1.7, -0.1)
408;447.656;26.25902;-3.519012;1;0;1;20.33917;13.17383;(0.3, 1.7, 0.0)SaccadeStart;
409;447.681;26.33016;-9.076512;0;0;1;20.40992;11.62576;(0.3, 1.7, 0.0)
410;447.708;26.56728;-9.43443;0;0;0;20.30877;10.23038;(0.3, 1.6, 0.0)
411;447.736;26.71634;-9.541298;0;0;0;20.07234;8.943054;(0.3, 1.6, 0.0)
412;447.752;26.65461;-10.26746;0;0;0;19.92143;8.342682;(0.3, 1.6, 0.0)
413;447.778;26.68627;-10.1713;0;0;0;19.61684;7.308228;(0.3, 1.6, 0.0)
414;447.793;26.66875;-11.02971;1;0;1;19.45214;6.855072;(0.3, 1.6, 0.0)SaccadeStart;
415;447.829;26.81344;-10.75895;0;0;0;19.29345;6.462341;(0.3, 1.6, 0.0)
416;447.845;26.79218;-11.38529;0;0;0;19.05723;5.811737;(0.3, 1.6, 0.0)
417;447.864;26.84961;-11.38288;0;0;0;18.96943;5.294464;(0.3, 1.6, 0.0)
418;447.878;26.81155;-11.71657;0;0;0;18.96756;5.072144;(0.3, 1.6, 0.0)
419;447.895;26.81382;-11.78847;0;0;0;18.98312;4.872925;(0.3, 1.6, 0.0)
420;447.921;25.24974;-14.05729;1;0;1;19.0348;4.544128;(0.3, 1.6, 0.0)SaccadeStart;
421;447.937;25.19083;-14.04123;0;0;0;19.05051;4.402008;(0.3, 1.6, 0.0)
422;447.965;24.08502;-15.34222;1;0;1;19.03265;4.203766;(0.3, 1.6, 0.0)SaccadeStart;
423;447.982;24.52279;-16.44484;0;0;1;19.01494;4.13562;(0.3, 1.6, 0.0)
424;448.006;24.54342;-16.21168;0;0;0;18.98441;4.018616;(0.3, 1.6, 0.0)
425;448.023;24.39276;-17.24224;1;0;1;18.973;3.963196;(0.4, 1.6, 0.0)SaccadeStart;
426;448.099;24.42778;-17.21277;0;0;0;18.96247;3.87085;(0.4, 1.6, 0.0)
427;448.121;24.47554;-17.02008;0;0;0;18.97088;3.763123;(0.4, 1.6, 0.0)
428;448.138;24.57497;-16.46245;0;0;0;19.04976;3.507111;(0.4, 1.6, 0.0)
429;448.167;24.74338;-16.83681;0;0;0;19.1072;3.346069;(0.4, 1.6, 0.0)
430;448.194;24.8083;-16.85311;0;0;0;19.18168;3.149139;(0.4, 1.6, 0.0)
431;448.222;24.33441;-17.6412;0;0;0;19.28466;2.92395;(0.4, 1.6, 0.0)
432;448.240;20.62293;-23.21326;1;0;1;19.34912;2.808105;(0.4, 1.6, 0.0)SaccadeStart;
433;448.267;20.65775;-23.20274;0;0;0;19.50548;2.559357;(0.4, 1.6, 0.0)
434;448.294;20.59226;-23.56499;0;0;0;19.69747;2.271118;(0.4, 1.6, 0.0)
435;448.322;20.51552;-23.78007;0;0;0;19.92215;1.912445;(0.4, 1.6, 0.0)
436;448.351;20.53774;-23.82072;0;0;0;20.19203;1.439636;(0.4, 1.6, 0.0)
437;448.391;20.64417;-23.86586;0;0;0;20.56615;0.7272644;(0.4, 1.6, 0.0)
438;448.448;20.76571;-23.92832;0;0;0;20.98948;-0.1654268;(0.4, 1.6, 0.0)
439;448.467;19.55243;-27.62356;1;0;1;21.62306;-1.732302;(0.4, 1.6, 0.0)SaccadeStart;
440;448.496;18.59233;-29.89474;0;0;1;21.7785;-2.293996;(0.4, 1.6, 0.0)
441;448.522;18.59859;-29.7449;0;0;0;21.81639;-2.751535;(0.4, 1.6, 0.0)
442;448.540;18.54868;-29.92346;0;0;0;21.79591;-2.921353;(0.4, 1.6, 0.0)
443;448.609;18.46199;-29.99167;0;0;0;21.67078;-3.198443;(0.4, 1.6, 0.0)
444;448.662;18.80057;-29.564;0;0;0;21.44271;-3.403331;(0.4, 1.6, 0.0)
445;448.700;19.79324;-28.83293;0;0;0;20.32196;-3.903289;(0.4, 1.6, 0.0)
446;448.719;18.95642;-29.24224;0;0;0;19.83714;-4.053388;(0.4, 1.6, 0.0)
447;448.736;18.75836;-29.98793;0;0;0;19.24446;-4.191305;(0.4, 1.6, 0.0)
448;448.750;18.34577;-30.2758;0;0;0;18.90048;-4.254537;(0.4, 1.6, 0.0)
449;448.779;14.15188;-29.7317;1;1;1;18.18211;-4.350618;(0.4, 1.6, 0.0)SaccadeStart;
450;448.793;9.684374;-30.72577;0;1;1;17.78388;-4.385369;(0.4, 1.6, 0.0)
451;448.808;8.484402;-30.31431;1;1;1;17.36213;-4.413106;(0.4, 1.6, 0.0)SaccadeStart;
452;448.823;7.167765;-30.45963;1;1;1;16.88222;-4.43758;(0.4, 1.6, 0.0)
453;448.853;6.896475;-30.36259;0;0;0;15.89992;-4.481115;(0.4, 1.6, 0.0)
454;448.880;6.729428;-30.20133;0;0;0;14.91553;-4.496867;(0.4, 1.6, 0.0)
455;448.908;6.263858;-30.12552;0;0;0;13.94793;-4.500287;(0.4, 1.6, 0.0)
456;448.937;6.162637;-29.96738;0;0;0;12.9162;-4.536242;(0.4, 1.6, 0.0)
457;448.950;5.971516;-29.98724;0;0;0;12.40179;-4.554683;(0.4, 1.6, 0.0)
458;448.980;5.839653;-30.01252;0;0;0;11.39847;-4.592379;(0.4, 1.6, 0.0)
459;449.007;5.862006;-30.39421;0;0;0;10.48008;-4.630813;(0.3, 1.6, 0.0)
460;449.035;4.198606;-31.39378;1;0;1;9.618131;-4.657635;(0.3, 1.6, 0.0)SaccadeStart;
461;449.051;4.179626;-30.43966;0;0;1;9.232958;-4.658137;(0.3, 1.6, 0.0)
462;449.112;3.892011;-30.0183;0;0;0;8.507183;-4.637166;(0.3, 1.6, 0.0)
463;449.134;3.618531;-29.71194;0;0;0;8.193056;-4.623971;(0.3, 1.6, 0.0)
464;449.152;3.513598;-29.48124;0;0;0;7.279657;-4.5331;(0.3, 1.6, 0.0)
465;449.181;2.370209;-30.14423;0;0;0;7.02679;-4.467638;(0.3, 1.6, 0.0)
466;449.207;2.196891;-30.29207;0;0;0;6.89716;-4.369576;(0.3, 1.6, 0.0)
467;449.222;2.043702;-30.43967;0;0;0;6.867927;-4.305398;(0.3, 1.6, 0.0)
468;449.250;2.236186;-30.33728;0;0;0;6.8762;-4.170479;(0.3, 1.6, 0.0)
469;449.266;7.049913;-29.73971;1;1;1;6.902711;-4.084765;(0.3, 1.6, 0.0)SaccadeStart;
470;449.293;4.328432;-29.85957;0;1;1;6.99493;-3.880755;(0.3, 1.6, 0.0)
471;449.322;5.960469;-28.31542;1;0;1;7.104964;-3.641756;(0.3, 1.6, 0.0)SaccadeStart;
472;449.350;5.645681;-28.4365;0;0;0;7.217929;-3.364219;(0.3, 1.6, 0.0)
473;449.366;5.628908;-28.33659;0;0;0;7.274096;-3.208148;(0.3, 1.6, 0.0)
474;449.394;5.648131;-28.31789;0;0;0;7.349069;-2.920828;(0.3, 1.6, 0.0)
475;449.435;6.643736;-26.70514;0;0;0;7.377679;-2.631992;(0.3, 1.6, 0.0)
476;449.452;6.897107;-26.34843;0;0;0;7.37024;-2.341197;(0.3, 1.6, 0.0)
477;449.479;6.935517;-26.16298;0;0;0;7.336267;-2.040886;(0.3, 1.6, 0.0)
478;449.495;5.299455;-26.65136;1;1;1;7.317998;-1.900939;(0.3, 1.6, 0.0)SaccadeStart;
479;449.522;0.1513039;-28.67232;1;0;1;7.28992;-1.63779;(0.3, 1.6, 0.0)
480;449.540;-1.446429;-29.03584;1;1;1;7.280924;-1.50858;(0.3, 1.6, 0.0)
481;449.564;-1.644877;-28.71869;0;0;0;7.263444;-1.286676;(0.3, 1.6, 0.0)
482;449.627;-1.7867;-27.61089;0;0;0;7.247261;-1.188801;(0.3, 1.6, 0.0)
483;449.682;-1.754082;-27.74434;0;0;0;7.166613;-1.027183;(0.3, 1.6, 0.0)
484;449.707;-0.8517519;-27.77184;0;0;0;6.214666;-0.8441822;(0.3, 1.6, 0.0)
485;449.735;-1.387193;-27.66186;0;0;0;5.798585;-0.7693104;(0.3, 1.6, 0.0)
486;449.758;-1.24101;-27.61366;0;0;0;5.583029;-0.7159173;(0.3, 1.6, 0.0)
487;449.774;-1.364103;-27.66164;0;0;0;5.39861;-0.6657376;(0.3, 1.6, 0.0)
488;449.793;-1.7426;-27.87387;0;0;0;5.009916;-0.5501766;(0.3, 1.6, 0.0)
489;449.822;-1.913491;-27.86514;0;0;0;4.672888;-0.4353712;(0.3, 1.6, 0.0)
490;449.850;-2.174524;-28.42862;0;0;0;4.403355;-0.2990108;(0.3, 1.6, 0.0)
491;449.865;-2.844324;-27.84439;1;0;1;4.294626;-0.2203189;(0.3, 1.6, 0.0)SaccadeStart;
492;449.893;-2.696302;-28.25013;0;0;0;4.122817;-0.04748589;(0.3, 1.6, 0.0)
493;449.908;-2.711137;-28.21131;0;0;0;4.062356;0.03787231;(0.3, 1.6, 0.0)
494;449.935;-2.711236;-28.19903;0;0;0;3.97864;0.2325134;(0.3, 1.6, 0.0)
495;449.951;-2.63329;-28.16321;0;0;0;3.958471;0.3467407;(0.3, 1.6, 0.0)
496;449.979;-2.673445;-28.18434;0;0;0;3.949855;0.6708374;(0.3, 1.6, 0.0)
497;450.008;-2.751669;-28.25059;0;0;0;3.977145;1.123199;(0.3, 1.6, 0.0)
498;450.023;-2.766897;-28.23904;0;0;0;4.002056;1.426086;(0.3, 1.6, 0.0)
499;450.050;-2.71532;-27.35524;0;0;0;4.072141;2.126953;(0.3, 1.6, 0.0)
500;450.065;6.451586;-29.00787;1;1;1;4.124115;2.559174;(0.3, 1.6, 0.0)SaccadeStart;
501;450.145;3.756293;-13.73033;0;0;1;4.241492;3.415131;(0.3, 1.6, 0.0)
502;450.170;9.413411;-16.42369;1;0;1;4.400567;4.34137;(0.3, 1.6, 0.0)SaccadeStart;
503;450.193;9.854633;-6.735208;0;0;1;4.969368;6.401489;(0.3, 1.6, 0.0)
504;450.222;10.47531;-4.509536;1;0;1;5.221193;7.179504;(0.3, 1.6, 0.0)SaccadeStart;
505;450.239;10.70451;-4.366675;0;0;0;5.350677;7.576263;(0.3, 1.6, 0.0)
506;450.264;10.21133;-3.935743;0;0;0;5.582345;8.298889;(0.3, 1.6, 0.0)
507;450.293;8.838363;-3.787989;0;0;0;5.810178;9.041382;(0.3, 1.6, 0.0)
508;450.309;8.093134;-3.040193;1;0;1;5.918663;9.399139;(0.3, 1.6, 0.0)SaccadeStart;
509;450.336;7.789837;-3.088432;0;0;0;6.13878;10.13354;(0.3, 1.6, 0.0)
510;450.351;10.74819;-2.424525;1;1;1;6.251749;10.5173;(0.3, 1.6, 0.0)SaccadeStart;
511;450.379;10.7194;-2.315417;0;0;0;6.458617;11.22778;(0.3, 1.6, 0.0)
512;450.408;8.362411;-4.467934;1;0;1;6.686413;12.02756;(0.3, 1.6, 0.0)SaccadeStart;
513;450.461;8.396546;-4.288127;0;0;0;6.954515;13.04538;(0.3, 1.6, 0.0)
514;450.482;11.0653;-2.344882;1;0;1;7.705153;15.38379;(0.3, 1.6, 0.0)SaccadeStart;
515;450.507;10.5378;-2.039649;0;0;0;8.408773;16.97119;(0.3, 1.6, 0.0)
516;450.543;7.902907;-2.07991;1;1;1;9.116142;18.31915;(0.3, 1.6, 0.0)SaccadeStart;
517;450.566;8.399198;2.909546;0;0;1;9.642391;19.40012;(0.3, 1.7, 0.0)
518;450.649;8.932825;4.016618;0;0;0;9.895916;20.29367;(0.3, 1.7, 0.0)
519;450.705;9.902248;5.4311;0;0;0;9.866296;21.09039;(0.3, 1.7, 0.0)
520;450.725;11.84565;3.24718;1;0;1;7.632786;22.99362;(0.3, 1.7, 0.0)SaccadeStart;
521;450.751;10.44944;4.724231;0;0;1;6.453858;23.37695;(0.3, 1.7, 0.0)
522;450.780;10.6394;4.543249;0;0;0;5.14719;23.69958;(0.3, 1.7, 0.0)
523;450.815;10.95219;4.540016;0;0;0;3.871632;23.95193;(0.3, 1.7, 0.0)
524;450.833;9.423619;7.767052;1;0;1;3.222265;24.05167;(0.3, 1.7, 0.0)SaccadeStart;
525;450.850;9.758225;10.0632;0;0;1;2.115541;24.18933;(0.3, 1.7, 0.0)
526;450.865;8.249901;9.935489;1;1;1;1.622274;24.24081;(0.3, 1.7, 0.0)SaccadeStart;
527;450.894;8.429112;9.900023;0;0;0;0.7325368;24.34229;(0.3, 1.7, -0.1)
528;450.908;7.493302;9.509581;1;0;1;0.3582099;24.39456;(0.3, 1.7, -0.1)SaccadeStart;
529;450.924;7.333236;9.268402;0;0;0;-0.01605225;24.45703;(0.3, 1.7, -0.1)
530;450.949;7.015835;9.340567;0;0;0;-0.6667786;24.59195;(0.3, 1.7, -0.1)
531;450.964;7.247171;9.465392;0;0;0;-0.9769287;24.69043;(0.3, 1.7, -0.1)
532;450.981;7.204386;8.776047;0;0;0;-1.294678;24.81784;(0.3, 1.7, -0.1)
533;451.007;5.293674;6.396505;1;0;1;-1.847626;25.07715;(0.3, 1.7, -0.1)SaccadeStart;
534;451.035;6.780758;6.785653;0;1;1;-2.357697;25.32758;(0.3, 1.7, -0.1)
535;451.050;6.420077;7.47599;1;0;1;-2.569885;25.43542;(0.3, 1.7, -0.1)SaccadeStart;
536;451.066;6.428584;7.470609;0;0;0;-2.755035;25.53745;(0.3, 1.7, -0.1)
537;451.093;6.411894;7.598967;0;0;0;-3.040253;25.70245;(0.3, 1.7, -0.1)
538;451.155;6.373943;7.883403;0;0;0;-3.124023;25.76385;(0.3, 1.7, -0.1)
539;451.178;6.397998;7.92417;0;0;0;-3.196869;25.85159;(0.3, 1.7, -0.1)
540;451.193;6.801785;8.353013;0;0;0;-3.066071;25.86118;(0.3, 1.7, -0.1)
541;451.223;6.84414;8.436025;0;0;0;-2.933655;25.82501;(0.3, 1.7, -0.1)
542;451.252;6.752848;8.37794;0;0;0;-2.773376;25.76309;(0.3, 1.7, -0.1)
543;451.279;6.895586;7.542005;0;0;0;-2.60495;25.68521;(0.3, 1.7, -0.1)
544;451.308;7.167916;7.152506;0;0;0;-2.447266;25.59753;(0.3, 1.7, -0.1)
545;451.324;6.482183;8.331408;1;0;1;-2.369507;25.55234;(0.3, 1.7, -0.1)SaccadeStart;
546;451.340;6.479274;8.330376;0;0;0;-2.280334;25.50323;(0.3, 1.7, -0.1)
547;451.364;6.893804;8.417723;0;0;0;-2.163422;25.44031;(0.3, 1.7, -0.1)
548;451.379;6.721636;8.615663;0;0;0;-2.103027;25.41492;(0.3, 1.7, -0.1)
549;451.408;6.720541;8.609277;0;0;0;-1.986237;25.39444;(0.3, 1.7, -0.1)
550;451.450;6.626557;8.480185;0;0;0;-1.92627;25.39908;(0.3, 1.7, -0.1)
551;451.466;6.62619;8.395971;0;0;0;-1.770355;25.44531;(0.3, 1.7, -0.1)
552;451.493;6.702202;8.398318;0;0;0;-1.682953;25.52393;(0.3, 1.7, -0.1)
553;451.508;7.276522;8.309107;0;0;0;-1.647766;25.57465;(0.3, 1.7, -0.1)
554;451.536;7.269795;8.312765;0;0;0;-1.605438;25.67953;(0.3, 1.7, -0.1)
555;451.551;7.620807;8.347601;0;0;0;-1.610657;25.72748;(0.3, 1.7, -0.1)
556;451.581;8.129979;8.046817;0;0;0;-1.699097;25.82019;(0.3, 1.7, -0.1)
557;451.607;8.131839;8.065098;0;0;0;-1.93396;25.89908;(0.3, 1.7, -0.1)
558;451.668;7.193696;8.749794;0;0;0;-2.112579;25.9472;(0.3, 1.7, -0.1)
559;451.718;7.262911;8.745954;0;0;0;-2.656952;26.0824;(0.3, 1.7, -0.1)
560;451.737;8.443023;11.00214;1;0;1;-5.985535;26.86432;(0.3, 1.7, -0.1)SaccadeStart;
561;451.764;6.450918;11.6186;0;1;1;-7.653046;27.00034;(0.3, 1.7, -0.1)
562;451.780;6.28714;11.57471;0;0;0;-8.642853;26.98602;(0.3, 1.7, -0.1)
563;451.808;6.939605;10.7972;0;0;0;-10.6077;26.75186;(0.3, 1.7, -0.1)
564;451.836;6.463245;11.09094;0;0;0;-12.79007;26.26041;(0.3, 1.7, -0.1)
565;451.850;6.587023;10.55697;0;0;0;-13.94659;25.95352;(0.3, 1.7, -0.1)
566;451.879;5.92311;10.63145;0;0;0;-16.08521;25.44498;(0.3, 1.7, -0.1)
567;451.915;-2.211072;9.097265;1;1;1;-17.12747;25.22842;(0.3, 1.7, -0.1)SaccadeStart;
568;451.933;-3.172947;8.91621;1;1;1;-19.11292;24.86398;(0.3, 1.7, -0.1)
569;451.949;-0.8010594;7.72733;0;0;1;-21.01431;24.69095;(0.3, 1.7, -0.1)
570;451.964;-2.138776;7.946182;1;1;1;-21.87048;24.65244;(0.3, 1.7, -0.1)SaccadeStart;
571;451.981;-2.495706;7.989366;0;0;0;-22.73318;24.62964;(0.3, 1.7, -0.1)
572;452.011;-2.74529;7.974391;0;0;0;-24.28171;24.75333;(0.3, 1.7, -0.1)
573;452.036;-3.012186;7.710843;0;0;0;-25.42819;24.99136;(0.3, 1.7, -0.1)
574;452.050;-2.994276;7.271867;0;0;0;-25.93729;25.11313;(0.3, 1.7, -0.1)
575;452.065;-3.124723;7.043776;0;0;0;-26.41391;25.21552;(0.3, 1.7, -0.1)
576;452.093;-3.571243;7.137114;0;0;0;-27.31165;25.42688;(0.3, 1.7, -0.1)
577;452.123;-4.322408;7.005548;0;0;0;-27.98975;25.7616;(0.3, 1.7, -0.1)
578;452.197;-4.663112;7.13423;0;0;0;-28.23822;25.97662;(0.3, 1.7, -0.1)
579;452.216;-5.083624;7.177713;0;0;0;-28.405;26.82687;(0.3, 1.7, -0.1)
580;452.235;-0.4713936;12.44677;1;0;1;-26.70721;28.8688;(0.3, 1.7, -0.1)SaccadeStart;
581;452.251;1.970155;14.72613;1;0;1;-25.84894;29.50778;(0.3, 1.7, -0.1)
582;452.278;1.755544;14.59931;0;0;0;-23.87473;30.73807;(0.3, 1.7, -0.1)
583;452.293;1.43534;14.61149;0;0;0;-22.73758;31.3208;(0.3, 1.7, -0.1)
584;452.322;2.600503;15.14354;0;0;0;-20.13562;32.39197;(0.3, 1.7, -0.1)
585;452.340;0.3846565;17.92377;1;0;1;-18.80179;32.86093;(0.3, 1.7, -0.1)SaccadeStart;
586;452.365;0.3985877;17.94772;0;0;0;-16.07864;33.73364;(0.3, 1.7, -0.1)
587;452.382;0.4113184;18.29761;0;0;0;-14.62595;34.14407;(0.3, 1.7, -0.1)
588;452.422;0.8143559;19.67552;0;0;0;-12.03494;34.7926;(0.3, 1.7, -0.1)
589;452.441;2.572388;19.7423;1;1;1;-9.629028;35.35611;(0.3, 1.7, -0.1)SaccadeStart;
590;452.464;3.166478;19.91837;0;0;0;-7.636566;35.75995;(0.3, 1.7, -0.1)
591;452.480;3.832198;20.18754;0;0;0;-6.722137;35.9129;(0.3, 1.7, -0.1)
592;452.507;3.849748;20.1084;0;0;0;-5.316315;36.15576;(0.3, 1.7, -0.1)
593;452.523;4.351694;20.30436;0;0;0;-4.746826;36.26025;(0.3, 1.7, -0.1)
594;452.549;4.43967;20.38734;0;0;0;-3.816589;36.43671;(0.3, 1.7, -0.1)
595;452.564;4.511732;20.3851;0;0;0;-3.489441;36.5134;(0.3, 1.7, -0.1)
596;452.578;4.688002;20.45305;0;0;0;-3.228027;36.58658;(0.3, 1.7, -0.1)
597;452.593;4.780063;20.46374;0;0;0;-3.059753;36.64087;(0.3, 1.7, -0.1)
598;452.608;4.940199;20.5272;0;0;0;-2.953644;36.68008;(0.3, 1.7, -0.1)
599;452.635;4.962731;20.55173;0;0;0;-2.934723;36.74042;(0.3, 1.7, -0.1)
600;452.692;5.03276;20.57444;0;0;0;-3.0513;36.76181;(0.3, 1.7, -0.1)
601;452.742;4.990549;20.56556;0;0;0;-3.4841;36.73761;(0.3, 1.7, -0.1)
602;452.785;8.161241;21.55635;1;1;1;-7.335205;35.95071;(0.3, 1.7, -0.1)SaccadeStart;
603;452.802;6.03371;22.07258;0;1;1;-9.43457;35.5206;(0.3, 1.7, -0.1)
604;452.821;-3.687425;17.45789;1;0;1;-11.93811;35.08374;(0.3, 1.7, -0.1)SaccadeStart;
605;452.922;-6.460521;16.19623;0;0;0;-13.43542;34.83691;(0.3, 1.7, -0.1)
606;452.948;-0.5194513;16.22637;1;1;1;-24.46405;33.11395;(0.3, 1.7, -0.1)SaccadeStart;
607;452.965;-8.276678;15.32371;0;1;1;-27.26782;32.67908;(0.3, 1.7, -0.1)
608;452.993;-10.08075;14.8806;1;1;1;-29.81342;32.2244;(0.3, 1.7, -0.1)SaccadeStart;
609;453.007;-9.550385;14.61922;0;0;0;-30.90604;31.9859;(0.3, 1.7, -0.1)
610;453.022;-8.993631;15.10018;0;0;0;-31.89426;31.75049;(0.3, 1.7, -0.1)
611;453.037;-9.920856;14.93153;1;1;1;-32.85468;31.52063;(0.3, 1.7, -0.1)SaccadeStart;
612;453.063;-9.9957;14.87422;0;0;0;-34.4415;31.13641;(0.3, 1.7, -0.1)
613;453.082;-9.771935;15.06401;0;0;0;-35.17075;30.93893;(0.3, 1.7, -0.1)
614;453.107;-9.934793;14.93412;0;0;0;-36.32809;30.62659;(0.3, 1.7, -0.1)
615;453.121;-14.08159;14.44385;1;1;1;-36.83566;30.50894;(0.3, 1.7, -0.1)SaccadeStart;
616;453.138;-14.57365;14.34237;0;0;0;-37.32123;30.41183;(0.3, 1.7, -0.1)
617;453.206;-14.30734;14.6301;0;0;0;-38.02332;30.29681;(0.3, 1.7, -0.1)
618;453.229;-14.65442;14.11295;0;0;0;-38.56458;30.21649;(0.3, 1.7, -0.1)
619;453.251;-14.34558;13.95701;0;0;0;-39.38074;29.90717;(0.3, 1.7, -0.1)
620;453.280;-15.31391;13.41331;0;0;0;-39.89804;29.59412;(0.3, 1.7, -0.1)
621;453.307;-15.44767;13.06903;0;0;0;-40.50278;29.15402;(0.3, 1.7, -0.1)
622;453.329;-19.30465;11.78732;1;0;1;-40.83228;28.89612;(0.3, 1.7, -0.1)SaccadeStart;
623;453.351;-21.742;12.45071;0;1;1;-41.59421;28.31982;(0.3, 1.7, -0.1)
624;453.379;-22.14832;12.12555;0;0;0;-42.39648;27.84372;(0.3, 1.7, -0.1)
625;453.395;-22.7317;12.03036;0;0;0;-42.7619;27.68433;(0.3, 1.7, -0.1)
626;453.436;-22.71693;11.75491;0;0;0;-43.42688;27.52582;(0.3, 1.7, -0.1)
627;453.454;-22.74386;11.37009;0;0;0;-44.00439;27.6145;(0.3, 1.7, -0.1)
628;453.480;-22.81442;11.06641;0;0;0;-44.43256;27.95248;(0.3, 1.7, -0.1)
629;453.507;-22.77341;11.0046;0;0;0;-44.72272;28.37537;(0.3, 1.7, -0.1)
630;453.525;-22.93939;11.37351;0;0;0;-44.85956;28.61328;(0.3, 1.7, -0.1)
631;453.549;-24.05175;14.74233;1;0;1;-45.10205;29.05765;(0.3, 1.7, -0.1)SaccadeStart;
632;453.564;-26.19603;14.88127;0;1;1;-45.22391;29.26944;(0.3, 1.7, -0.1)
633;453.578;-26.18259;14.92062;0;0;0;-45.36255;29.49542;(0.3, 1.7, -0.1)
634;453.595;-26.08246;15.00014;0;0;0;-45.49414;29.7074;(0.3, 1.7, -0.1)
635;453.623;-25.87497;15.12486;0;0;0;-45.74823;30.10785;(0.3, 1.7, -0.1)
636;453.650;-25.21792;15.7302;0;0;0;-46.01495;30.44611;(0.3, 1.7, -0.1)
637;453.709;-24.91955;16.8159;0;0;0;-46.15195;30.56577;(0.3, 1.7, -0.1)
638;453.757;-24.91484;16.97581;0;0;0;-46.43066;30.70117;(0.3, 1.7, -0.1)
639;453.777;-24.48308;17.00061;0;0;0;-47.32901;30.02954;(0.3, 1.7, -0.1)
640;453.808;-25.18798;16.69776;0;0;0;-47.83203;29.31146;(0.3, 1.7, -0.1)
641;453.837;-24.72332;17.63612;0;0;0;-48.62958;28.16431;(0.3, 1.7, -0.1)
642;453.864;-30.16456;14.52224;1;0;1;-49.68591;26.70416;(0.3, 1.7, -0.1)SaccadeStart;
643;453.915;-30.00974;13.71906;0;0;0;-50.90839;25.10519;(0.3, 1.7, -0.1)
644;453.931;-30.59434;13.15728;0;0;0;-52.16418;23.716;(0.3, 1.7, -0.1)
645;453.949;-30.1094;14.19591;1;0;1;-53.47;22.51303;(0.3, 1.7, -0.1)SaccadeStart;
646;453.964;-30.45222;12.9081;0;0;1;-54.05878;22.00534;(0.3, 1.7, -0.1)
647;453.993;-30.42933;12.97466;0;0;0;-55.20038;21.07407;(0.3, 1.7, -0.1)
648;454.021;-31.16325;12.6729;0;0;0;-56.18692;20.27057;(0.3, 1.7, -0.1)
649;454.050;-34.77027;10.26206;1;0;1;-57.11945;19.45166;(0.3, 1.7, -0.1)SaccadeStart;
650;454.078;-35.8172;9.973374;0;0;0;-57.95038;18.61935;(0.3, 1.7, -0.1)
651;454.093;-36.19234;9.646554;0;0;0;-58.31296;18.23083;(0.3, 1.7, -0.1)
652;454.122;-36.28152;9.565281;0;0;0;-58.95044;17.5127;(0.3, 1.6, -0.1)
653;454.152;-36.26186;9.654918;0;0;0;-59.48206;16.82919;(0.3, 1.6, -0.1)
654;454.223;-36.04425;9.343248;0;0;0;-59.87067;16.18704;(0.2, 1.6, -0.1)
655;454.247;-36.24505;9.149346;0;0;0;-60.07449;15.64075;(0.2, 1.6, -0.1)
656;454.265;-39.61294;8.383137;1;1;1;-59.95551;14.68784;(0.2, 1.6, -0.1)SaccadeStart;
657;454.292;-41.50826;7.304048;1;0;1;-59.67474;14.24146;(0.2, 1.6, -0.1)
658;454.322;-41.59009;7.27989;0;0;0;-59.33426;13.81918;(0.2, 1.6, -0.1)
659;454.350;-41.58971;7.203185;0;0;0;-58.94345;13.44241;(0.2, 1.6, -0.1)
660;454.378;-41.76495;7.608367;0;0;0;-58.55292;13.20697;(0.2, 1.6, -0.1)
661;454.408;-41.69284;7.39343;0;0;0;-58.13461;13.18311;(0.2, 1.6, -0.1)
662;454.453;-41.65965;7.309982;0;0;0;-57.939;13.24823;(0.2, 1.6, -0.1)
663;454.478;-41.99079;8.720318;1;0;1;-57.37674;13.86856;(0.2, 1.6, -0.1)SaccadeStart;
664;454.507;-41.54081;9.211927;0;0;0;-57.27731;14.32907;(0.2, 1.6, -0.1)
665;454.525;-39.97811;10.26307;1;0;1;-57.27533;14.5983;(0.2, 1.6, -0.1)SaccadeStart;
666;454.550;-39.96053;10.29126;0;0;0;-57.33923;15.28235;(0.2, 1.6, -0.1)
667;454.578;-39.96761;10.45237;0;0;0;-57.5072;16.08035;(0.2, 1.6, -0.1)
668;454.606;-39.78503;10.72542;0;0;0;-57.80161;16.90866;(0.2, 1.6, -0.1)
669;454.625;-39.88039;11.28206;0;0;0;-57.98621;17.34741;(0.2, 1.6, -0.1)
670;454.650;-39.8273;11.19773;0;0;0;-58.42517;18.25009;(0.2, 1.6, -0.1)
671;454.678;-39.54702;11.40188;0;0;0;-58.93771;19.03503;(0.2, 1.6, -0.1)
672;454.749;-39.40769;11.97549;0;0;0;-59.46533;19.63974;(0.2, 1.7, -0.1)
673;454.797;-39.31915;11.96096;0;0;0;-60.00912;20.08099;(0.2, 1.7, -0.1)
674;454.836;-40.25094;10.56473;0;0;0;-61.22595;20.88605;(0.2, 1.7, -0.1)
675;454.864;-40.93972;11.13442;0;0;0;-61.32025;21.0824;(0.2, 1.7, -0.1)
676;454.893;-40.93881;11.08425;0;0;0;-61.33093;21.37033;(0.3, 1.7, -0.1)
677;454.923;-40.92996;11.1017;0;0;0;-61.25046;21.80173;(0.3, 1.7, -0.1)
678;454.949;-41.00772;11.02509;0;0;0;-61.12787;22.42319;(0.3, 1.7, -0.1)
679;455.000;-41.97297;10.89239;0;0;0;-61.0181;23.18933;(0.3, 1.7, -0.1)
680;455.019;-42.14001;11.30005;0;0;0;-60.95071;23.99042;(0.3, 1.7, -0.1)
681;455.039;-42.19447;11.31835;0;0;0;-60.92319;24.7659;(0.3, 1.7, -0.1)
682;455.065;-42.38904;11.32951;0;0;0;-60.95047;25.45639;(0.3, 1.7, -0.1)
683;455.099;-42.36578;11.54451;0;0;0;-60.99878;26.02017;(0.3, 1.7, -0.1)
684;455.136;-42.4818;12.30745;0;0;0;-61.09924;26.5939;(0.3, 1.7, -0.1)
685;455.159;-42.47458;12.27925;0;0;0;-61.13757;26.71729;(0.3, 1.7, -0.1)
686;455.181;-42.37335;12.17632;0;0;0;-61.20145;26.84488;(0.3, 1.7, -0.1)
687;455.257;-42.37347;12.22796;0;0;0;-61.25101;26.88483;(0.3, 1.7, -0.1)
688;455.277;-42.34059;12.2855;0;0;0;-61.26508;26.86301;(0.3, 1.7, -0.1)
689;455.294;-42.22534;12.3871;0;0;0;-61.17816;26.74789;(0.3, 1.7, -0.1)
690;455.322;-42.17367;12.34571;0;0;0;-61.08118;26.68195;(0.3, 1.7, -0.1)
691;455.341;-42.09186;12.3629;0;0;0;-61.02631;26.6387;(0.3, 1.7, -0.1)
692;455.378;-42.14571;12.2948;0;0;0;-60.87015;26.49512;(0.3, 1.7, -0.1)
693;455.407;-42.18237;12.12505;0;0;0;-60.75128;26.31436;(0.3, 1.7, -0.1)
694;455.440;-42.21333;12.21068;0;0;0;-60.67859;26.16626;(0.3, 1.7, -0.1)
695;455.478;-42.24689;12.43884;0;0;0;-60.1882;24.92798;(0.3, 1.7, -0.1)
696;455.507;-43.03131;12.52286;0;0;0;-59.8428;23.87177;(0.3, 1.7, -0.1)
697;455.535;-43.97864;8.303114;1;0;1;-59.48941;22.54428;(0.3, 1.7, -0.1)SaccadeStart;
698;455.551;-47.12493;2.339732;1;0;1;-59.33777;21.84351;(0.3, 1.7, -0.1)
699;455.580;-47.04227;1.976887;0;0;0;-59.12665;20.45966;(0.3, 1.7, -0.1)
700;455.607;-46.85564;1.26792;0;0;0;-59.05304;19.22083;(0.3, 1.7, -0.1)
701;455.636;-46.67094;0.5328277;0;0;0;-59.09723;18.28439;(0.3, 1.7, -0.1)
702;455.666;-46.52607;0.1682861;0;0;0;-59.25668;17.64038;(0.2, 1.7, -0.1)
703;455.693;-46.22132;-0.2770059;0;0;0;-59.55524;17.15936;(0.2, 1.7, -0.1)
704;455.759;-46.24537;-0.4536276;0;0;0;-60.08698;16.7587;(0.2, 1.6, -0.1)
705;455.811;-46.33871;-0.6055304;0;0;0;-60.46045;16.56866;(0.2, 1.6, -0.1)
706;455.858;-44.07273;0.3631997;1;0;1;-63.32886;14.26901;(0.2, 1.6, -0.1)SaccadeStart;
707;455.875;-47.13316;-5.517894;0;0;1;-63.4436;13.94635;(0.2, 1.6, -0.1)
708;455.893;-46.74498;-5.641533;0;0;0;-63.42297;13.31998;(0.2, 1.6, -0.1)
709;455.923;-46.58502;-6.267424;0;0;0;-63.07715;12.75537;(0.2, 1.6, -0.1)
710;455.950;-46.39674;-6.590514;0;0;0;-62.39349;12.16739;(0.2, 1.6, -0.1)
711;455.981;-46.21694;-6.937377;0;0;0;-61.35443;11.52966;(0.2, 1.6, -0.1)
712;455.999;-46.36765;-7.067608;0;0;0;-60.60104;11.15619;(0.2, 1.6, -0.1)
713;456.022;-43.63575;-8.354897;1;0;1;-59.10559;10.5285;(0.2, 1.6, -0.1)SaccadeStart;
714;456.049;-39.49127;-9.432332;1;0;1;-57.08563;9.810089;(0.2, 1.6, -0.1)
715;456.065;-40.03366;-6.919731;0;0;1;-56.01141;9.465637;(0.2, 1.6, -0.1)
716;456.093;-38.97105;-7.25933;0;0;0;-53.70572;8.800232;(0.2, 1.6, -0.1)
717;456.120;-39.24711;-7.290915;0;0;0;-51.54874;8.237244;(0.2, 1.6, -0.1)
718;456.150;-39.43311;-8.147908;0;0;0;-49.52759;7.710449;(0.2, 1.6, -0.1)
719;456.178;-39.82042;-8.789664;0;0;0;-47.84924;7.251495;(0.2, 1.6, -0.1)
720;456.207;-39.82609;-8.487985;0;0;0;-46.46045;6.846466;(0.2, 1.6, -0.1)
721;456.284;-40.05254;-8.270592;0;0;0;-45.41647;6.498291;(0.2, 1.6, -0.1)
722;456.306;-38.91892;-8.094419;1;1;1;-44.69894;6.216431;(0.2, 1.6, 0.0)SaccadeStart;
723;456.323;-37.69716;-7.642473;1;0;1;-44.15067;5.888489;(0.2, 1.6, 0.0)
724;456.351;-34.74415;-12.66196;0;0;1;-44.32513;5.820923;(0.2, 1.6, 0.0)
725;456.377;-34.52748;-13.38112;0;0;0;-44.74774;5.767334;(0.2, 1.6, 0.0)
726;456.392;-34.69965;-13.80032;0;0;0;-45.05746;5.739594;(0.2, 1.6, 0.0)
727;456.432;-34.67855;-13.78603;0;0;0;-45.75092;5.683624;(0.2, 1.6, 0.0)
728;456.451;-34.18945;-15.09653;1;0;1;-46.56805;5.604462;(0.2, 1.6, 0.0)SaccadeStart;
729;456.478;-34.63159;-15.14804;0;0;0;-47.39841;5.501556;(0.2, 1.6, 0.0)
730;456.506;-34.72475;-15.16998;0;0;0;-48.28192;5.408752;(0.2, 1.6, 0.0)
731;456.535;-35.7943;-15.44596;0;0;0;-49.2186;5.373383;(0.2, 1.6, 0.0)
732;456.565;-38.21532;-16.36654;1;0;1;-50.19272;5.403839;(0.2, 1.6, 0.0)SaccadeStart;
733;456.592;-37.81046;-17.54772;0;0;0;-51.26572;5.439789;(0.2, 1.6, 0.0)
734;456.622;-37.9153;-17.62293;0;0;0;-52.30905;5.451324;(0.2, 1.6, 0.0)
735;456.650;-38.68303;-17.02491;0;0;0;-53.3483;5.473755;(0.2, 1.6, -0.1)
736;456.677;-39.39652;-16.62422;0;0;0;-54.27289;5.528809;(0.2, 1.6, -0.1)
737;456.693;-39.80075;-16.47098;0;0;0;-54.72961;5.583893;(0.2, 1.6, -0.1)
738;456.721;-39.80402;-16.47864;0;0;0;-55.53503;5.771179;(0.2, 1.6, -0.1)
739;456.796;-39.86209;-16.43384;0;0;0;-56.30621;6.038361;(0.2, 1.6, -0.1)
740;456.843;-40.0206;-16.38162;0;0;0;-57.01346;6.305145;(0.2, 1.6, -0.1)
741;456.863;-38.56624;-17.0197;1;0;1;-58.9838;6.95575;(0.2, 1.6, -0.1)SaccadeStart;
742;456.894;-41.98056;-16.21627;0;1;1;-59.55402;7.15741;(0.2, 1.6, -0.1)
743;456.920;-45.67161;-14.81816;1;0;1;-60.05682;7.327179;(0.2, 1.6, -0.1)SaccadeStart;
744;456.938;-45.83557;-14.80677;0;0;0;-60.29553;7.394714;(0.2, 1.6, -0.1)
745;456.986;-45.99189;-14.79955;0;0;0;-60.75745;7.502533;(0.2, 1.6, -0.1)
746;457.006;-46.16658;-14.74541;0;0;0;-61.1572;7.592896;(0.2, 1.6, -0.1)
747;457.022;-46.21152;-14.74095;0;0;0;-61.47739;7.679993;(0.2, 1.6, -0.1)
748;457.049;-46.42028;-14.69161;0;0;0;-61.74286;7.734375;(0.2, 1.6, -0.1)
749;457.078;-46.50024;-14.83468;0;0;0;-61.9147;7.717896;(0.2, 1.6, -0.1)
750;457.107;-46.53255;-14.88756;0;0;0;-61.95358;7.627258;(0.2, 1.6, -0.1)
751;457.138;-46.6115;-14.91476;0;0;0;-61.81274;7.479095;(0.2, 1.6, -0.1)
752;457.165;-46.67026;-14.95024;0;0;0;-61.4809;7.247467;(0.2, 1.6, -0.1)
753;457.195;-46.80016;-14.98633;0;0;0;-60.99481;6.958893;(0.2, 1.6, -0.1)
754;457.222;-46.86004;-14.9758;0;0;0;-60.43652;6.651031;(0.2, 1.6, -0.1)
755;457.295;-46.99021;-15.02591;0;0;0;-59.82599;6.305023;(0.2, 1.6, -0.1)
756;457.321;-47.22676;-15.28054;0;0;0;-59.23682;5.950378;(0.2, 1.6, -0.1)
757;457.357;-47.80707;-16.87687;1;0;1;-58.14465;5.154236;(0.2, 1.6, -0.1)SaccadeStart;
758;457.382;-47.22041;-17.17931;0;0;0;-57.81354;4.843689;(0.2, 1.6, -0.1)
759;457.434;-47.133;-17.28354;0;0;0;-57.42816;4.481567;(0.2, 1.6, -0.1)
760;457.453;-47.37562;-17.25883;0;0;0;-56.64349;3.854492;(0.2, 1.7, -0.1)
761;457.478;-46.4906;-18.41499;1;0;1;-55.96246;3.414063;(0.2, 1.7, -0.1)SaccadeStart;
762;457.506;-42.03736;-20.58082;1;0;1;-55.13446;2.93927;(0.2, 1.7, -0.1)
763;457.537;-38.02135;-22.15615;1;0;1;-54.21698;2.449554;(0.2, 1.7, -0.1)
764;457.565;-38.08504;-22.07115;0;0;0;-53.27579;1.97049;(0.2, 1.7, -0.1)
765;457.593;-37.72479;-22.17706;0;0;0;-52.26721;1.479279;(0.2, 1.7, -0.1)
766;457.624;-38.26323;-19.28612;1;0;1;-51.26074;1.030243;(0.2, 1.7, -0.1)SaccadeStart;
767;457.651;-38.2249;-19.30226;0;0;0;-50.19333;0.6066895;(0.2, 1.6, 0.0)
768;457.680;-38.03225;-19.86271;0;0;0;-49.15912;0.2443848;(0.2, 1.6, 0.0)
769;457.708;-37.76712;-20.85595;0;0;0;-48.10666;-0.07766056;(0.2, 1.6, 0.0)
770;457.736;-37.28905;-21.63546;0;0;0;-47.07584;-0.3664517;(0.2, 1.6, 0.0)
771;457.811;-34.2319;-24.68356;1;0;1;-46.10776;-0.6420558;(0.2, 1.6, 0.0)SaccadeStart;
772;457.863;-34.144;-24.2142;0;0;0;-45.13394;-0.9179324;(0.2, 1.6, 0.0)
773;457.882;-34.5704;-25.00169;1;0;1;-42.4097;-1.570472;(0.2, 1.6, 0.0)SaccadeStart;
774;457.921;-33.06256;-25.27437;0;0;0;-41.22519;-1.850368;(0.2, 1.6, 0.0)
775;457.949;-32.58879;-25.5207;0;0;0;-40.47424;-2.040101;(0.2, 1.6, 0.0)
776;457.979;-32.87259;-25.04088;0;0;0;-39.78815;-2.21359;(0.2, 1.6, 0.0)
777;458.007;-33.19921;-24.82401;0;0;0;-39.10229;-2.403351;(0.2, 1.6, 0.0)
778;458.036;-32.83569;-24.64925;0;0;0;-38.42953;-2.600071;(0.2, 1.6, 0.0)
779;458.085;-33.01454;-24.6689;0;0;0;-37.7695;-2.768427;(0.2, 1.6, 0.0)
780;458.105;-29.83878;-25.08197;1;1;1;-37.06204;-2.895568;(0.2, 1.6, 0.0)SaccadeStart;
781;458.122;-29.37766;-23.82987;0;0;1;-36.34991;-2.969671;(0.2, 1.6, 0.0)
782;458.152;-29.1193;-23.76635;0;0;0;-35.59488;-3.01579;(0.2, 1.6, 0.0)
783;458.180;-22.6116;-26.67206;1;0;1;-34.86325;-3.037033;(0.2, 1.6, 0.0)SaccadeStart;
784;458.210;-24.91826;-22.32189;0;0;1;-34.11179;-3.046742;(0.2, 1.6, 0.0)
785;458.236;-21.6744;-19.40258;1;0;1;-33.41479;-3.052765;(0.2, 1.6, 0.0)SaccadeStart;
786;458.315;-15.98526;-13.44773;1;0;1;-32.77991;-3.061964;(0.3, 1.6, 0.0)
787;458.341;-18.39886;-10.21444;0;0;1;-32.26685;-3.097531;(0.3, 1.6, 0.0)
788;458.378;-18.66487;-9.083592;0;0;0;-31.33334;-3.240019;(0.3, 1.6, 0.0)
789;458.410;-18.24437;-9.477045;0;0;0;-31.08508;-3.223599;(0.3, 1.6, 0.0)
790;458.455;-17.93668;-11.72027;0;0;0;-30.83151;-3.176913;(0.3, 1.6, 0.0)
791;458.493;-17.17057;-13.60356;1;0;1;-30.41968;-3.053482;(0.3, 1.6, 0.0)SaccadeStart;
792;458.523;-16.6568;-13.95965;0;0;0;-30.27161;-3.025641;(0.3, 1.6, 0.0)
793;458.551;-16.67942;-13.96775;0;0;0;-30.14844;-3.025794;(0.3, 1.6, 0.0)
794;458.579;-16.47158;-14.62569;0;0;0;-30.05856;-3.040354;(0.3, 1.6, 0.0)
795;458.609;-16.72131;-14.31574;0;0;0;-29.98938;-3.063698;(0.3, 1.6, 0.0)
796;458.636;-16.5981;-14.19859;0;0;0;-29.92651;-3.109024;(0.3, 1.6, 0.0)
797;458.664;-16.13118;-14.01159;0;0;0;-29.84869;-3.173718;(0.3, 1.6, 0.0)
798;458.694;-16.42816;-14.29043;0;0;0;-29.73248;-3.265429;(0.3, 1.6, 0.0)
799;458.722;-16.6031;-18.09579;1;0;1;-29.57483;-3.364739;(0.3, 1.6, 0.0)SaccadeStart;
800;458.749;-16.54534;-18.23887;0;0;0;-29.35437;-3.467184;(0.3, 1.6, 0.0)
801;458.820;-16.21315;-17.56417;0;0;0;-29.08743;-3.552334;(0.3, 1.6, 0.0)
802;458.866;-16.73471;-16.64743;0;0;0;-28.76813;-3.63658;(0.3, 1.6, 0.0)
803;458.892;-17.36003;-16.34279;0;0;0;-27.60086;-4.375314;(0.3, 1.6, 0.0)
804;458.920;-16.26046;-17.73959;1;0;1;-27.17438;-4.826552;(0.3, 1.6, 0.0)SaccadeStart;
805;458.950;-14.82183;-25.2639;1;0;1;-26.72009;-5.323928;(0.3, 1.6, 0.0)
806;459.000;-15.49176;-28.14153;1;0;1;-26.28671;-5.808307;(0.3, 1.6, 0.0)
807;459.017;-16.95448;-26.71861;0;0;1;-25.86212;-6.289599;(0.3, 1.6, 0.0)
808;459.035;-16.19578;-27.54586;1;0;1;-25.50055;-6.693235;(0.3, 1.6, 0.0)SaccadeStart;
809;459.050;-15.95516;-28.07595;0;0;0;-25.32791;-6.875684;(0.3, 1.6, 0.0)
810;459.079;-15.70758;-28.57943;0;0;0;-25.0387;-7.154698;(0.3, 1.6, 0.0)
811;459.106;-15.76883;-28.63714;0;0;0;-24.78958;-7.37739;(0.3, 1.6, 0.0)
812;459.138;-15.97125;-28.55164;0;0;0;-24.57635;-7.552748;(0.3, 1.6, 0.0)
813;459.166;-15.95059;-28.34918;0;0;0;-24.38214;-7.682275;(0.3, 1.6, 0.0)
814;459.194;-16.00925;-27.91514;0;0;0;-24.1828;-7.784637;(0.3, 1.6, 0.0)
815;459.221;-16.01406;-27.85587;0;0;0;-23.97556;-7.849557;(0.3, 1.6, 0.0)
816;459.250;-15.66287;-26.71784;0;0;0;-23.7345;-7.89333;(0.3, 1.6, 0.0)
817;459.323;-15.56057;-28.7182;0;0;0;-23.48376;-7.929508;(0.3, 1.6, 0.0)
818;459.346;-15.33298;-29.30291;0;0;0;-23.21307;-7.978341;(0.3, 1.6, 0.0)
819;459.363;-15.29839;-29.99858;0;0;0;-22.59372;-8.134616;(0.3, 1.6, 0.0)
820;459.393;-14.82573;-30.44198;0;0;0;-22.17041;-8.267458;(0.3, 1.6, 0.0)
821;459.435;-14.78801;-30.59741;0;0;0;-21.65213;-8.425321;(0.3, 1.6, 0.0)
822;459.464;-14.99882;-30.5481;0;0;0;-20.6008;-8.708305;(0.3, 1.6, 0.0)
823;459.497;-12.58794;-39.69856;1;0;1;-19.70499;-8.918627;(0.3, 1.6, 0.0)SaccadeStart;
824;459.523;-9.986073;-31.86079;0;0;1;-18.65518;-9.129535;(0.3, 1.6, 0.0)
825;459.554;-9.064671;-32.07647;0;0;0;-17.50137;-9.319839;(0.3, 1.6, 0.0)
826;459.581;-9.889755;-33.67455;1;0;1;-16.22607;-9.491957;(0.3, 1.6, 0.0)SaccadeStart;
827;459.610;-9.917514;-33.76303;0;0;0;-14.80566;-9.646992;(0.3, 1.6, 0.0)
828;459.642;-9.50797;-33.59129;0;0;0;-13.31677;-9.799648;(0.3, 1.6, 0.0)
829;459.680;-9.881081;-32.43604;0;0;0;-11.11035;-10.03427;(0.3, 1.6, 0.0)
830;459.708;-8.859277;-31.11505;1;0;1;-9.636139;-10.19055;(0.3, 1.6, 0.0)SaccadeStart;
831;459.736;-8.209714;-28.15487;1;0;1;-8.335236;-10.31585;(0.3, 1.6, 0.0)
832;459.764;-6.338317;-28.03811;0;1;1;-7.348206;-10.41483;(0.3, 1.6, 0.0)
833;459.841;-2.246835;-31.50651;1;0;1;-6.633942;-10.52633;(0.3, 1.6, 0.0)SaccadeStart;
834;459.899;-2.207894;-29.48281;0;0;0;-6.209381;-10.63313;(0.3, 1.6, 0.0)
835;459.922;-1.663276;-29.95778;0;0;0;-5.974335;-11.02122;(0.3, 1.6, 0.0)
836;459.955;-1.468065;-30.23932;0;0;0;-6.035217;-11.13177;(0.3, 1.6, 0.0)
837;459.979;-1.425134;-29.73475;0;0;0;-6.064636;-11.19839;(0.3, 1.6, 0.0)
838;460.008;-1.430277;-29.72847;0;0;0;-6.055298;-11.24622;(0.3, 1.6, 0.0)
839;460.036;-1.169548;-29.37703;0;0;0;-5.994965;-11.28079;(0.3, 1.6, 0.0)
840;460.063;3.347273;-33.82474;1;0;1;-5.882263;-11.30761;(0.3, 1.6, 0.0)SaccadeStart;
841;460.114;3.332724;-34.19744;0;0;0;-5.712799;-11.32666;(0.3, 1.6, 0.0)
842;460.131;3.068815;-34.5334;0;0;0;-5.499847;-11.34116;(0.3, 1.6, 0.0)
843;460.151;3.173814;-34.89921;0;0;0;-5.228821;-11.35978;(0.3, 1.6, 0.0)
844;460.181;3.364067;-35.40529;0;0;0;-4.9039;-11.38566;(0.3, 1.6, 0.0)
845;460.209;0.8880542;-34.44243;1;1;1;-4.473724;-11.41699;(0.3, 1.6, 0.0)SaccadeStart;
846;460.236;5.822397;-37.84179;0;0;1;-3.9263;-11.47029;(0.3, 1.6, 0.0)
847;460.264;5.961708;-37.98361;0;0;0;-3.244965;-11.51651;(0.3, 1.6, 0.0)
848;460.292;6.344669;-38.26228;0;0;0;-2.31662;-11.5549;(0.3, 1.6, 0.0)
849;460.364;6.434286;-38.59055;0;0;0;-1.157501;-11.59342;(0.3, 1.6, 0.0)
850;460.385;7.033504;-39.06655;0;0;0;0.3117909;-11.63776;(0.3, 1.6, 0.0)
851;460.428;5.161923;-36.12815;1;0;1;3.703419;-11.61051;(0.3, 1.6, 0.0)SaccadeStart;
852;460.449;6.081165;-35.84168;0;0;0;6.355268;-11.45896;(0.3, 1.6, 0.0)
853;460.479;7.553294;-35.69159;0;0;0;7.969255;-11.31478;(0.3, 1.6, 0.0)
854;460.507;6.88248;-35.75649;0;0;0;9.478077;-11.19572;(0.3, 1.6, 0.0)
855;460.536;9.98208;-35.17952;1;1;1;10.70576;-11.12505;(0.3, 1.6, 0.0)SaccadeStart;
856;460.564;10.42102;-34.99226;0;0;0;11.71218;-11.0697;(0.3, 1.6, 0.0)
857;460.594;11.09573;-34.85135;0;0;0;12.46847;-11.05693;(0.3, 1.6, 0.0)
858;460.625;11.19125;-35.36364;0;0;0;12.99166;-11.08247;(0.3, 1.6, 0.0)
859;460.664;11.51808;-35.38607;0;0;0;13.46631;-11.1199;(0.3, 1.6, 0.0)
860;460.694;12.44292;-34.97301;0;0;0;13.64485;-11.12448;(0.3, 1.6, 0.0)
861;460.721;13.65493;-34.12783;1;0;1;13.77492;-11.1589;(0.3, 1.6, 0.0)SaccadeStart;
862;460.749;14.20211;-32.96464;0;0;0;13.88763;-11.21005;(0.3, 1.6, 0.0)
863;460.778;14.77487;-32.34324;0;0;0;13.98656;-11.22926;(0.3, 1.6, 0.0)
864;460.806;13.30484;-34.57276;1;0;1;14.08823;-11.19776;(0.3, 1.6, 0.0)SaccadeStart;
865;460.866;16.10191;-29.80634;0;0;1;14.14444;-11.15183;(0.3, 1.6, 0.0)
866;460.917;16.64944;-28.98802;0;0;0;14.30815;-10.97534;(0.3, 1.6, 0.0)
867;460.957;15.60647;-29.09142;0;0;0;15.31672;-9.95807;(0.3, 1.6, 0.0)
868;460.974;16.38341;-28.31849;1;0;1;15.81752;-9.494608;(0.4, 1.6, 0.0)SaccadeStart;
869;460.993;16.22049;-29.11308;0;0;0;16.36045;-9.026944;(0.4, 1.6, 0.0)
870;461.021;15.72571;-28.84003;0;0;0;16.99729;-8.536486;(0.4, 1.6, 0.0)
871;461.038;18.49147;-28.19505;1;1;1;17.35437;-8.290191;(0.4, 1.6, 0.0)SaccadeStart;
872;461.063;18.53889;-28.05843;0;0;0;18.05759;-7.84063;(0.4, 1.6, 0.0)
873;461.092;19.71473;-27.30599;0;0;0;18.81352;-7.380388;(0.4, 1.6, 0.0)
874;461.121;20.00559;-26.34793;0;0;0;19.50543;-6.934739;(0.4, 1.6, 0.0)
875;461.153;19.96875;-26.55297;0;0;0;20.08844;-6.490511;(0.4, 1.6, 0.0)
876;461.178;19.01799;-25.7141;1;0;1;20.46927;-6.073925;(0.4, 1.6, 0.0)SaccadeStart;
877;461.208;18.91231;-25.84457;0;0;0;20.64576;-5.667067;(0.4, 1.6, 0.0)
878;461.236;19.48849;-25.14691;0;0;0;20.59933;-5.232718;(0.4, 1.6, 0.0)
879;461.263;19.51541;-25.03979;0;0;0;20.38213;-4.717487;(0.4, 1.6, 0.0)
880;461.280;21.54033;-20.29403;1;0;1;20.20336;-4.361939;(0.4, 1.6, 0.0)SaccadeStart;
881;461.309;22.06696;-19.19267;0;0;0;19.83081;-3.629934;(0.4, 1.6, 0.0)
882;461.380;26.45533;-7.607668;1;0;1;19.38445;-2.776947;(0.4, 1.6, 0.0)SaccadeStart;
883;461.402;27.01871;-5.489202;1;0;1;18.88324;-1.840735;(0.4, 1.6, 0.0)
884;461.447;27.35907;-7.607008;0;0;0;17.8484;-0.04275189;(0.4, 1.6, 0.0)
885;461.463;27.04161;-7.243789;0;0;0;17.09106;1.213226;(0.3, 1.6, 0.0)
886;461.493;26.55495;-6.352201;0;0;0;16.62005;1.981323;(0.3, 1.6, 0.0)
887;461.522;26.65945;-6.448187;0;0;0;16.14447;2.77475;(0.3, 1.6, 0.0)
888;461.550;26.58714;-6.274207;0;0;0;15.66575;3.540985;(0.3, 1.6, 0.0)
889;461.578;26.73409;-6.320202;0;0;0;15.18529;4.239532;(0.3, 1.6, 0.0)
890;461.607;26.65944;-6.03963;0;0;0;14.65078;4.865723;(0.3, 1.6, 0.0)
891;461.638;26.66625;-5.701617;0;0;0;14.07832;5.367188;(0.3, 1.7, 0.0)
892;461.664;27.07762;-5.758362;0;0;0;13.45795;5.817596;(0.3, 1.7, 0.0)
893;461.693;27.1057;-5.756999;0;0;0;12.78259;6.225647;(0.3, 1.7, 0.0)
894;461.731;27.26025;-5.763948;0;0;0;12.10382;6.55719;(0.3, 1.7, 0.0)
895;461.749;27.16916;-5.597828;0;0;0;11.3984;6.854401;(0.3, 1.7, 0.0)
896;461.781;27.17163;-5.617384;0;0;0;10.73788;7.097534;(0.3, 1.7, 0.0)
897;461.809;27.44763;-5.716013;0;0;0;10.18773;7.289246;(0.3, 1.7, 0.0)
898;461.881;27.45811;-5.703507;0;0;0;9.775151;7.451172;(0.3, 1.7, 0.0)
899;461.933;27.59833;-5.869128;0;0;0;9.540084;7.571899;(0.3, 1.7, 0.0)
900;461.952;23.64513;-3.857803;1;0;1;10.08131;7.772095;(0.3, 1.7, 0.0)SaccadeStart;
901;461.978;24.04118;-3.635871;0;0;0;10.53723;7.820831;(0.3, 1.7, 0.0)
902;462.009;23.96022;-3.685787;0;0;0;11.04802;7.847321;(0.3, 1.7, 0.0)
903;462.036;21.87928;-10.28014;1;0;1;11.51357;7.854797;(0.3, 1.7, 0.0)SaccadeStart;
904;462.085;22.49956;-11.05005;0;0;0;11.90453;7.84256;(0.3, 1.7, 0.0)
905;462.105;22.70298;-11.44075;0;0;0;12.15205;7.814819;(0.3, 1.7, 0.0)
906;462.122;23.13817;-12.11653;0;0;0;12.2255;7.792542;(0.3, 1.7, 0.0)
907;462.151;23.13674;-12.14006;0;0;0;12.14459;7.782471;(0.3, 1.7, 0.0)
908;462.178;23.16043;-12.5098;0;0;0;11.96108;7.77652;(0.3, 1.7, 0.0)
909;462.208;25.4236;-9.371365;1;0;1;11.70483;7.77652;(0.3, 1.7, 0.0)SaccadeStart;
910;462.236;24.81173;-4.678413;0;0;1;11.44162;7.78833;(0.3, 1.7, 0.0)
911;462.265;24.53763;-5.01756;0;0;0;11.18625;7.80545;(0.3, 1.7, 0.0)
912;462.293;24.283;-4.787559;0;0;0;10.96995;7.824707;(0.3, 1.7, 0.0)
913;462.321;24.02578;-4.622421;0;0;0;10.81271;7.85556;(0.3, 1.7, 0.0)
914;462.403;23.96691;-4.6167;0;0;0;10.70152;7.923706;(0.3, 1.7, 0.0)
915;462.450;23.53723;-4.270177;0;0;0;10.63531;8.035675;(0.3, 1.7, 0.0)
916;462.477;23.96105;-4.934782;0;0;0;10.35183;9.269379;(0.3, 1.7, 0.0)
917;462.508;23.14968;-2.963121;1;0;1;10.15252;9.826202;(0.3, 1.7, 0.0)SaccadeStart;
918;462.533;23.05066;-2.583343;0;0;0;9.895784;10.43088;(0.3, 1.7, 0.0)
919;462.563;22.51785;-2.249769;0;0;0;9.559735;11.08673;(0.3, 1.7, 0.0)
920;462.593;21.74811;-1.558783;0;0;0;9.158204;11.74228;(0.3, 1.7, 0.0)
921;462.622;21.9479;-1.524506;0;0;0;8.713614;12.35458;(0.3, 1.7, 0.0)
922;462.648;22.45859;0.5403204;1;0;1;8.18581;12.96179;(0.3, 1.7, 0.0)SaccadeStart;
923;462.679;22.12184;1.215268;0;0;0;7.595364;13.51596;(0.3, 1.7, 0.0)
924;462.707;21.25049;1.955027;0;0;0;6.873433;14.0271;(0.3, 1.7, 0.0)
925;462.740;20.84239;1.354286;0;0;0;6.034739;14.43759;(0.3, 1.7, 0.0)
926;462.764;19.19398;2.254645;1;0;1;5.001082;14.741;(0.3, 1.7, 0.0)SaccadeStart;
927;462.794;16.70765;3.348947;1;0;1;3.842067;14.87015;(0.3, 1.7, 0.0)
928;462.822;16.99605;3.663005;0;0;0;2.473444;14.81439;(0.3, 1.7, 0.0)
929;462.849;16.74087;3.748967;0;0;0;0.9865162;14.61768;(0.3, 1.7, 0.0)
930;462.924;16.87234;4.240264;0;0;0;-0.7132568;14.32968;(0.3, 1.7, 0.0)
931;462.978;16.43191;4.164782;0;0;0;-2.541595;14.02307;(0.3, 1.7, 0.0)
932;463.007;14.52411;2.66891;1;0;1;-9.283142;13.21686;(0.3, 1.7, 0.0)SaccadeStart;
933;463.036;8.955515;1.33466;1;1;1;-11.11963;13.04077;(0.3, 1.7, 0.0)
934;463.063;9.463799;1.618389;0;0;0;-12.93475;12.86383;(0.3, 1.7, 0.0)
935;463.094;10.21421;-1.465964;1;0;1;-14.6315;12.72186;(0.3, 1.7, 0.0)SaccadeStart;
936;463.121;10.07426;-0.7716536;0;0;0;-16.13455;12.6214;(0.3, 1.7, 0.0)
937;463.153;10.87584;1.994985;1;0;1;-17.55606;12.53296;(0.3, 1.7, 0.0)SaccadeStart;
938;463.200;8.774669;-1.779507;0;0;1;-18.83636;12.43628;(0.3, 1.7, 0.0)
939;463.218;9.170137;-1.634797;0;0;0;-20.05374;12.31705;(0.3, 1.7, 0.0)
940;463.237;10.26572;-1.626378;1;1;1;-21.09665;12.20251;(0.3, 1.7, 0.0)SaccadeStart;
941;463.266;9.790206;-1.506843;0;0;0;-22.03012;12.08371;(0.3, 1.7, 0.0)
942;463.293;5.2958;-0.2459817;1;1;1;-22.7941;11.95331;(0.3, 1.7, 0.0)SaccadeStart;
943;463.320;2.806292;1.043664;1;0;1;-23.3624;11.79666;(0.3, 1.7, 0.0)
944;463.349;0.8309414;2.518117;1;0;1;-23.79477;11.60153;(0.3, 1.7, 0.0)
945;463.421;0.8053043;3.045024;0;0;0;-24.10007;11.38232;(0.3, 1.7, 0.0)
946;463.467;0.8745759;3.170139;0;0;0;-24.34534;11.1293;(0.3, 1.7, 0.0)
947;463.493;-4.836102;2.28128;1;1;1;-25.19171;10.15854;(0.3, 1.7, 0.0)SaccadeStart;
948;463.521;-5.420994;1.864009;0;0;0;-25.51862;9.800842;(0.3, 1.7, 0.0)
949;463.549;-5.552909;1.804722;0;0;0;-25.80804;9.504761;(0.3, 1.7, 0.0)
950;463.578;-5.567213;1.872999;0;0;0;-25.99042;9.287445;(0.3, 1.7, 0.0)
951;463.605;-5.599454;1.591901;0;0;0;-26.0451;9.138641;(0.3, 1.7, 0.0)
952;463.626;-5.62677;1.40989;0;0;0;-26.02148;9.108582;(0.3, 1.7, 0.0)
953;463.650;-5.649801;1.373557;0;0;0;-25.85938;9.130371;(0.3, 1.7, 0.0)
954;463.678;-1.720252;3.608842;1;0;1;-25.56088;9.234161;(0.3, 1.7, 0.0)SaccadeStart;
955;463.706;1.142439;3.936633;1;1;1;-25.14673;9.384949;(0.3, 1.7, 0.0)
956;463.735;1.025005;3.972329;0;0;0;-24.69684;9.575928;(0.3, 1.7, 0.0)
957;463.751;1.066276;3.996853;0;0;0;-24.45013;9.702362;(0.3, 1.7, 0.0)
958;463.777;4.576417;7.965042;1;0;1;-24.00082;10.00986;(0.3, 1.7, 0.0)SaccadeStart;
959;463.807;1.151099;5.277809;0;0;1;-23.59451;10.43036;(0.3, 1.7, 0.0)
960;463.838;1.176772;5.776747;0;0;0;-23.29825;10.90424;(0.3, 1.7, 0.0)
961;463.864;-0.6469887;5.552066;1;1;1;-23.13202;11.4313;(0.3, 1.7, 0.0)SaccadeStart;
962;463.935;-9.936418;3.07685;1;1;1;-23.11359;11.73874;(0.3, 1.7, 0.0)
963;463.998;-11.6249;2.901624;0;0;0;-23.21216;12.16028;(0.3, 1.7, 0.0)
964;464.037;-10.33663;3.16245;0;0;0;-26.15808;12.88495;(0.3, 1.7, 0.0)
965;464.066;-11.2826;4.188974;0;0;0;-27.32144;12.86276;(0.3, 1.7, 0.0)
966;464.114;-11.08807;4.906476;0;0;0;-28.56641;12.81586;(0.3, 1.7, 0.0)
967;464.131;-10.93485;4.946191;0;0;0;-29.96094;12.74667;(0.3, 1.7, 0.0)
968;464.152;-9.079453;4.775461;1;1;1;-31.42294;12.67389;(0.3, 1.7, 0.0)SaccadeStart;
969;464.181;-9.834642;4.71466;0;0;0;-32.87103;12.59973;(0.3, 1.7, 0.0)
970;464.209;-16.1291;2.604816;1;0;1;-34.35876;12.51675;(0.3, 1.7, 0.0)SaccadeStart;
971;464.236;-16.41732;2.067576;0;0;0;-35.76569;12.42535;(0.3, 1.7, 0.0)
972;464.266;-16.31882;1.966684;0;0;0;-37.15311;12.32162;(0.3, 1.7, 0.0)
973;464.293;-14.88831;1.946672;1;1;1;-38.42249;12.20557;(0.3, 1.7, 0.0)SaccadeStart;
974;464.322;-15.30727;1.783543;0;0;0;-39.50662;12.08047;(0.3, 1.7, 0.0)
975;464.349;-16.04868;0.5611873;1;0;1;-40.453;11.93707;(0.3, 1.7, 0.0)SaccadeStart;
976;464.379;-16.15856;0.5780555;0;0;0;-41.20218;11.78192;(0.3, 1.7, 0.0)
977;464.454;-16.22889;0.1818027;0;0;0;-41.81067;11.58951;(0.3, 1.7, 0.0)
978;464.500;-16.30986;-0.1451699;0;0;0;-42.24054;11.36865;(0.3, 1.7, 0.0)
979;464.520;-19.51684;-4.247854;1;0;1;-42.87347;10.54199;(0.3, 1.7, 0.0)SaccadeStart;
980;464.534;-19.9635;-4.714719;0;0;0;-42.94067;10.40628;(0.3, 1.7, 0.0)
981;464.563;-19.89687;-4.987411;0;0;0;-43.08444;10.13599;(0.3, 1.7, 0.0)
982;464.593;-19.78083;-3.620803;0;0;0;-43.26685;9.881866;(0.3, 1.7, 0.0)
983;464.624;-19.72553;-3.573844;0;0;0;-43.51553;9.610382;(0.3, 1.7, 0.0)
984;464.649;-19.71029;-3.62906;0;0;0;-43.81323;9.322693;(0.3, 1.7, 0.0)
985;464.679;-19.55338;-3.751374;0;0;0;-44.22025;8.964264;(0.3, 1.7, 0.0)
986;464.709;-19.51312;-3.830903;0;0;0;-44.68512;8.554688;(0.2, 1.7, 0.0)
987;464.735;-19.50162;-3.942039;0;0;0;-45.23709;8.051788;(0.2, 1.7, 0.0)
988;464.764;-19.32342;-4.497579;0;0;0;-45.9176;7.464325;(0.2, 1.7, 0.0)
989;464.793;-23.74817;-9.408876;1;0;1;-46.73398;6.814941;(0.2, 1.7, -0.1)SaccadeStart;
990;464.821;-24.23613;-9.446672;0;0;0;-47.65204;6.183746;(0.2, 1.7, -0.1)
991;464.850;-25.31935;-9.321013;0;0;0;-48.69836;5.583069;(0.2, 1.7, -0.1)
992;464.878;-24.65358;-8.581302;0;0;0;-49.85611;4.979919;(0.2, 1.7, -0.1)
993;464.954;-24.68162;-8.558106;0;0;0;-51.01184;4.373444;(0.2, 1.6, -0.1)
994;465.007;-24.40338;-9.128448;0;0;0;-52.06778;3.814545;(0.2, 1.6, -0.1)
995;465.034;-31.07562;-6.287409;1;0;1;-54.49854;2.750549;(0.2, 1.6, -0.1)SaccadeStart;
996;465.064;-35.17551;-8.153857;0;0;1;-54.70059;2.720856;(0.2, 1.6, -0.1)
997;465.093;-42.39995;-16.27665;1;0;1;-54.71011;2.715851;(0.2, 1.6, -0.1)SaccadeStart;
998;465.121;-45.11574;-16.00342;0;1;1;-54.58075;2.682037;(0.2, 1.6, -0.1)
999;465.152;-43.43187;-15.52724;1;0;1;-54.37335;2.614624;(0.2, 1.6, -0.1)SaccadeStart;
1000;465.178;-40.62689;-15.35554;1;1;1;-54.15619;2.528931;(0.2, 1.6, -0.1)
1001;465.230;-43.22955;-15.58746;0;1;1;-53.95517;2.446594;(0.2, 1.6, -0.1)
1002;465.254;-39.25087;-14.88942;1;1;1;-53.80173;2.377014;(0.2, 1.6, -0.1)SaccadeStart;
1003;465.293;-38.85412;-14.48301;0;0;0;-53.64676;2.230896;(0.2, 1.6, -0.1)
1004;465.322;-37.12397;-13.3117;1;0;1;-53.60977;2.176239;(0.2, 1.6, -0.1)SaccadeStart;
1005;465.348;-38.18506;-12.66009;0;0;0;-53.57629;2.133728;(0.2, 1.6, -0.1)
1006;465.378;-38.24721;-12.34547;0;0;0;-53.53793;2.098694;(0.2, 1.6, -0.1)
1007;465.451;-38.29811;-12.18479;0;0;0;-53.48636;2.081696;(0.2, 1.6, -0.1)
1008;465.498;-38.30442;-12.06662;0;0;0;-53.4259;2.086792;(0.2, 1.6, -0.1)
1009;465.534;-39.30242;-11.35583;0;0;0;-53.13177;2.32486;(0.2, 1.6, -0.1)
1010;465.611;-39.20388;-11.21313;0;0;0;-53.02127;2.451782;(0.2, 1.6, -0.1)
1011;465.651;-39.60866;-10.71266;0;0;0;-52.63672;2.713684;(0.2, 1.6, -0.1)
1012;465.684;-39.53302;-10.45705;0;0;0;-52.31042;2.781036;(0.2, 1.6, -0.1)
1013;465.712;-38.45824;-9.397792;1;0;1;-52.04407;2.808929;(0.2, 1.6, -0.1)SaccadeStart;
1014;465.751;-36.70232;-12.67196;0;0;1;-51.55685;2.870667;(0.2, 1.6, -0.1)
1015;465.789;-36.24463;-12.95614;0;0;0;-51.17706;2.903259;(0.2, 1.6, -0.1)
1016;465.806;-35.33975;-12.75943;1;1;1;-50.73416;2.921021;(0.2, 1.6, -0.1)SaccadeStart;
1017;465.837;-35.84786;-12.17458;0;0;0;-50.24976;2.937622;(0.2, 1.6, -0.1)
1018;465.863;-35.9338;-12.30206;0;0;0;-49.74261;2.956848;(0.2, 1.6, 0.0)
1019;465.892;-36.20342;-12.20202;0;0;0;-49.20679;2.975952;(0.2, 1.6, 0.0)
1020;465.964;-35.90413;-12.39237;0;0;0;-48.63788;2.997925;(0.2, 1.6, 0.0)
1021;465.987;-35.80532;-12.63024;0;0;0;-48.08133;3.028656;(0.2, 1.6, 0.0)
1022;466.007;-33.39406;-13.6856;1;0;1;-46.94354;3.080353;(0.2, 1.6, 0.0)SaccadeStart;
1023;466.035;-27.501;-14.9746;1;1;1;-46.41678;3.083832;(0.2, 1.6, 0.0)
1024;466.063;-30.48223;-26.61211;0;0;1;-45.8945;3.07251;(0.2, 1.6, 0.0)
1025;466.093;-30.81429;-30.10328;1;0;1;-45.41336;3.050049;(0.2, 1.6, 0.0)SaccadeStart;
1026;466.122;-21.95391;-33.64237;0;0;1;-44.93585;3.021271;(0.2, 1.6, 0.0)
1027;466.165;-24.05749;-34.32545;1;1;1;-44.47461;2.990417;(0.2, 1.6, 0.0)SaccadeStart;
1028;466.183;-21.92897;-34.12916;0;1;1;-44.04239;2.973297;(0.2, 1.6, 0.0)
1029;466.224;-21.67186;-34.2035;0;0;0;-43.39453;2.988281;(0.2, 1.6, 0.0)
1030;466.253;-28.78108;-16.80707;1;0;1;-42.97241;3.015198;(0.2, 1.6, 0.0)SaccadeStart;
1031;466.282;-28.24627;-15.40125;0;0;1;-42.57538;3.049469;(0.2, 1.6, 0.0)
1032;466.307;-21.57008;-15.53889;1;1;1;-42.16959;3.083405;(0.2, 1.6, 0.0)SaccadeStart;
1033;466.335;-21.58167;-15.25905;0;0;0;-41.78436;3.112549;(0.2, 1.6, 0.0)
1034;466.364;-21.91856;-14.57917;0;0;0;-41.39374;3.149323;(0.3, 1.6, 0.0)
1035;466.392;-22.86048;-13.68549;0;0;0;-41.02121;3.193268;(0.3, 1.6, 0.0)
