Frame_Number;Time;Total_Angles_x;Total_Angles_y;isSaccade;isSaccadeLeftRight;isSaccaderRadial;Head_Rotation_x;Head_Rotation_y;Head_Position;messages;
1;0.000;70.47953;-19.52042;0;0;0;0;0;(0.0, 1.6, 0.0)
2;0.020;0;-35.91506;1;1;1;0;0;(0.0, 1.6, 0.0)SaccadeStart;
3;0.353;-2.190394;-31.86065;0;0;0;12.77155;5.022156;(0.1, 1.6, -0.4)
4;0.457;11.54769;-10.30372;1;0;1;25.72404;-0.2940921;(0.2, 1.6, -0.4)SaccadeStart;
5;0.505;24.49802;-15.52874;0;0;1;25.83399;-0.7323239;(0.2, 1.6, -0.5)
6;0.518;25.39746;-16.07717;1;0;1;25.81127;-0.7068478;(0.2, 1.6, -0.5)SaccadeStart;
7;0.541;25.44537;-16.05752;0;0;0;25.76424;-0.7078487;(0.2, 1.6, -0.5)
8;0.581;25.43671;-16.06266;0;0;0;25.74714;-0.7061138;(0.2, 1.6, -0.5)
9;0.594;25.42481;-16.06063;0;0;0;25.73314;-0.7026168;(0.2, 1.6, -0.5)
10;0.615;10.98991;-19.17349;1;1;1;25.70501;-0.6977729;(0.2, 1.6, -0.5)SaccadeStart;
11;0.629;20.92155;-9.517987;0;0;1;25.70037;-0.6984877;(0.2, 1.6, -0.5)
12;0.653;21.03322;-11.09443;1;0;1;25.69629;-0.7002153;(0.2, 1.6, -0.5)SaccadeStart;
13;0.669;21.12579;-10.61926;0;0;0;25.68822;-0.709561;(0.2, 1.6, -0.5)
14;0.685;21.13242;-10.58064;0;0;0;25.6832;-0.7175164;(0.2, 1.6, -0.5)
15;0.700;21.08438;-10.48709;0;0;0;25.67836;-0.7277923;(0.2, 1.6, -0.5)
16;0.715;21.03296;-9.769836;0;0;0;25.6736;-0.7372838;(0.2, 1.6, -0.5)
17;0.731;21.03796;-9.664673;0;0;0;-1.044403;-0.6738462;(0.2, 1.6, -0.5)
18;0.746;-5.370499;-8.923856;1;1;1;-1.067474;-0.6782544;(0.2, 1.6, -0.5)SaccadeStart;
19;0.772;-5.432934;-8.942703;0;0;0;-1.2034;-0.6960615;(0.2, 1.6, -0.5)
20;0.785;-10.53885;-9.185854;1;1;1;-1.3367;-0.7096332;(0.2, 1.6, -0.5)SaccadeStart;
21;0.801;-10.59349;-9.20789;0;0;0;-1.483459;-0.7190841;(0.2, 1.6, -0.5)
22;0.815;-10.55051;-9.167693;0;0;0;-1.621552;-0.7305773;(0.2, 1.6, -0.5)
23;0.829;-10.64508;-9.133283;0;0;0;-1.743073;-0.7513453;(0.2, 1.6, -0.5)
24;0.844;-10.65884;-9.120449;0;0;0;-1.84787;-0.7847795;(0.2, 1.6, -0.5)
25;0.858;-10.68285;-9.120194;0;0;0;-1.917297;-0.829497;(0.2, 1.6, -0.5)
26;0.886;-10.68647;-9.109454;0;0;0;-1.956665;-0.9437208;(0.2, 1.6, -0.5)
27;0.899;-10.7567;-8.909126;0;0;0;-1.933563;-1.011225;(0.2, 1.6, -0.5)
28;0.915;-10.78088;-8.812694;0;0;0;-1.876709;-1.085775;(0.2, 1.6, -0.5)
29;0.928;-10.78411;-8.808966;0;0;0;-1.797119;-1.159494;(0.2, 1.6, -0.5)
30;0.943;-10.75305;-8.83204;0;0;0;-1.696533;-1.236443;(0.2, 1.6, -0.5)
31;0.959;-10.77789;-8.771871;0;0;0;-1.606567;-1.322454;(0.2, 1.6, -0.5)
32;0.985;-9.289067;-8.62283;1;1;1;1.054009;-1.482635;(0.1, 1.6, -0.5)SaccadeStart;
33;1.003;-5.759363;-8.375041;1;1;1;1.206822;-1.566284;(0.1, 1.6, -0.5)
34;1.051;-2.206999;-8.532713;1;1;1;1.441076;-1.728161;(0.1, 1.6, -0.5)
35;1.132;1.596678;-8.83649;0;0;0;1.754183;-1.996568;(0.1, 1.6, -0.5)
36;1.164;1.51337;-8.989282;0;0;0;2.220559;-2.326415;(0.1, 1.6, -0.5)
37;1.184;1.308277;-9.218322;0;0;0;28.08671;-2.761522;(0.1, 1.6, -0.4)
38;1.202;31.29902;-10.08527;1;1;1;28.1686;-2.952218;(0.1, 1.6, -0.4)SaccadeStart;
39;1.228;31.74064;-10.22751;0;0;0;28.17738;-3.120869;(0.1, 1.6, -0.4)
40;1.243;31.77783;-10.24193;0;0;0;28.17764;-3.199909;(0.1, 1.6, -0.4)
41;1.258;31.73297;-10.23649;0;0;0;28.20011;-3.281199;(0.1, 1.6, -0.4)
42;1.272;31.72622;-10.21348;0;0;0;28.21494;-3.352761;(0.1, 1.6, -0.4)
43;1.286;31.71791;-10.21348;0;0;0;28.23798;-3.421085;(0.1, 1.6, -0.4)
44;1.300;31.67863;-10.22571;0;0;0;28.27461;-3.485743;(0.1, 1.6, -0.4)
45;1.315;31.57113;-10.15838;0;0;0;28.30387;-3.549877;(0.1, 1.6, -0.4)
46;1.330;31.31207;-10.12141;0;0;0;28.32386;-3.601978;(0.1, 1.6, -0.4)
47;1.356;31.23225;-10.10851;0;0;0;28.31039;-3.687919;(0.1, 1.6, -0.4)
48;1.372;31.02541;-10.00577;0;0;0;28.27253;-3.724717;(0.1, 1.6, -0.4)
49;1.386;30.95942;-10.05722;0;0;0;28.21688;-3.757799;(0.1, 1.6, -0.4)
50;1.399;30.95234;-10.09434;0;0;0;28.14669;-3.787754;(0.1, 1.6, -0.4)
51;1.413;29.04289;-10.12259;1;1;1;28.05173;-3.814607;(0.1, 1.6, -0.4)SaccadeStart;
52;1.429;22.97075;-10.39326;1;1;1;27.94355;-3.83441;(0.1, 1.6, -0.4)
53;1.444;21.76798;-10.39187;1;1;1;27.81179;-3.850678;(0.1, 1.6, -0.4)
54;1.459;20.19053;-10.28291;1;1;1;27.67929;-3.864478;(0.1, 1.6, -0.4)
55;1.484;20.04936;-10.27663;0;0;0;27.42144;-3.886696;(0.1, 1.6, -0.4)
56;1.500;19.84583;-10.25338;0;0;0;27.31495;-3.899231;(0.1, 1.6, -0.4)
57;1.517;19.85436;-10.2327;0;0;0;27.21302;-3.919087;(0.1, 1.6, -0.4)
58;1.541;19.83608;-10.23085;0;0;0;27.07805;-3.961114;(0.1, 1.6, -0.4)
59;1.557;19.71132;-10.24903;0;0;0;27.03445;-3.991776;(0.1, 1.6, -0.4)
60;1.571;19.72041;-10.23026;0;0;0;26.99974;-4.026771;(0.1, 1.6, -0.4)
61;1.586;19.70004;-10.24488;0;0;0;26.95818;-4.063759;(0.1, 1.6, -0.4)
62;1.628;19.70637;-10.23962;0;0;0;26.91354;-4.100419;(0.1, 1.6, -0.4)
63;1.642;19.6935;-10.24248;0;0;0;26.88489;-4.130561;(0.1, 1.6, -0.4)
64;1.656;19.73336;-10.16502;0;0;0;26.74104;-4.207094;(0.1, 1.6, -0.4)
65;1.670;19.68688;-10.22232;0;0;0;26.64166;-4.222779;(0.1, 1.6, -0.4)
66;1.685;19.66719;-10.2226;0;0;0;26.51854;-4.232306;(0.1, 1.6, -0.4)
67;1.701;19.68251;-10.21819;0;0;0;26.37185;-4.234958;(0.1, 1.6, -0.4)
68;1.714;19.72381;-10.21976;0;0;0;26.22035;-4.231079;(0.1, 1.6, -0.4)
69;1.731;18.49138;-10.3566;1;1;1;26.05124;-4.219282;(0.1, 1.6, -0.4)SaccadeStart;
70;1.757;15.34345;-10.14399;1;1;1;25.62644;-4.174984;(0.1, 1.6, -0.4)
71;1.772;6.11012;-11.50206;1;1;1;25.35686;-4.139711;(0.1, 1.6, -0.4)
72;1.787;5.740233;-11.61256;0;0;0;25.08488;-4.100044;(0.1, 1.6, -0.4)
73;1.801;5.705063;-11.61052;0;0;0;24.79526;-4.05817;(0.1, 1.6, -0.4)
74;1.828;5.7865;-11.61915;0;0;0;24.1388;-3.962913;(0.1, 1.6, -0.4)
75;1.844;5.598075;-11.57567;0;0;0;23.79654;-3.920752;(0.1, 1.6, -0.4)
76;1.866;5.72963;-11.57979;0;0;0;23.41963;-3.881282;(0.1, 1.6, -0.4)
77;1.884;5.828918;-11.5752;0;0;0;22.69963;-3.81865;(0.1, 1.6, -0.4)
78;1.900;5.517056;-11.53425;0;0;0;22.33073;-3.789951;(0.1, 1.6, -0.4)
79;1.914;5.517866;-11.33144;0;0;0;21.92985;-3.759709;(0.1, 1.6, -0.4)
80;1.928;5.588684;-11.22036;0;0;0;21.55291;-3.730361;(0.1, 1.6, -0.4)
81;1.943;5.458579;-11.20537;0;0;0;21.16681;-3.699419;(0.1, 1.6, -0.4)
82;1.958;5.252223;-11.24782;0;0;0;20.74683;-3.66376;(0.1, 1.6, -0.4)
83;1.970;1.924717;-10.68462;1;1;1;20.34439;-3.623141;(0.1, 1.6, -0.4)SaccadeStart;
84;1.986;-0.7330352;-10.21189;1;1;1;19.92569;-3.573397;(0.1, 1.6, -0.4)
85;1.999;-4.783877;-9.74135;1;1;1;19.49512;-3.515065;(0.1, 1.6, -0.4)
86;2.014;-4.692959;-9.502744;0;0;0;19.02396;-3.445441;(0.1, 1.6, -0.4)
87;2.062;-4.844421;-9.476518;0;0;0;18.56862;-3.381631;(0.1, 1.6, -0.4)
88;2.139;-3.389459;-8.955533;0;0;0;16.60886;-3.189754;(0.1, 1.6, -0.4)
89;2.155;-3.085967;-8.346719;0;0;0;15.06799;-3.141694;(0.1, 1.6, -0.4)
90;2.172;-3.100638;-8.153347;0;0;0;13.53055;-3.131517;(0.1, 1.6, -0.4)
91;2.185;-4.125151;-8.086003;1;1;1;13.04857;-3.139854;(0.1, 1.6, -0.4)SaccadeStart;
92;2.201;-4.386644;-8.020494;0;0;0;12.55243;-3.156891;(0.1, 1.6, -0.4)
93;2.234;-4.557485;-7.842009;0;0;0;11.70089;-3.201702;(0.1, 1.6, -0.4)
94;2.246;-4.781672;-7.8477;0;0;0;11.31725;-3.232682;(0.1, 1.6, -0.4)
95;2.270;-4.698315;-7.74123;0;0;0;10.61357;-3.310416;(0.1, 1.6, -0.4)
96;2.286;-4.864007;-7.594621;0;0;0;10.31919;-3.354931;(0.1, 1.6, -0.4)
97;2.301;-4.885621;-7.495137;0;0;0;10.05515;-3.401093;(0.1, 1.6, -0.4)
98;2.316;-4.968025;-7.49328;0;0;0;9.801271;-3.450368;(0.1, 1.6, -0.4)
99;2.329;-5.111212;-7.516662;0;0;0;9.587312;-3.49577;(0.1, 1.6, -0.4)
100;2.344;-5.218354;-7.532888;0;0;0;9.395169;-3.538976;(0.1, 1.6, -0.4)
101;2.371;-5.463236;-7.498507;0;0;0;9.078259;-3.620183;(0.1, 1.6, -0.4)
102;2.387;-5.618886;-7.536091;0;0;0;8.961461;-3.655724;(0.1, 1.6, -0.4)
103;2.401;-5.631733;-7.545414;0;0;0;8.85748;-3.688608;(0.1, 1.6, -0.4)
104;2.427;-5.641928;-7.548701;0;0;0;8.667366;-3.745559;(0.1, 1.6, -0.4)
105;2.443;-5.633678;-7.56493;0;0;0;8.579338;-3.768151;(0.1, 1.6, -0.4)
106;2.459;-5.643585;-7.590751;0;0;0;8.491328;-3.795797;(0.1, 1.6, -0.4)
107;2.472;-5.623204;-7.604659;0;0;0;8.423677;-3.828774;(0.1, 1.6, -0.4)
108;2.486;-5.634957;-7.623859;0;0;0;8.379304;-3.86616;(0.1, 1.6, -0.4)
109;2.513;-5.64691;-7.627305;0;0;0;8.366212;-3.948649;(0.1, 1.6, -0.4)
110;2.529;-6.237685;-9.588223;1;0;1;8.3905;-3.985774;(0.1, 1.6, -0.4)SaccadeStart;
111;2.544;-6.478237;-9.917789;0;0;0;8.425705;-4.017648;(0.1, 1.6, -0.4)
112;2.572;-6.421115;-9.976466;0;0;0;8.488866;-4.055493;(0.1, 1.6, -0.4)
113;2.585;-6.767149;-10.20813;0;0;0;8.501045;-4.064886;(0.1, 1.6, -0.4)
114;2.600;-6.891299;-10.296;0;0;0;8.498633;-4.06886;(0.1, 1.6, -0.4)
115;2.657;-6.88652;-10.3052;0;0;0;8.480327;-4.072086;(0.1, 1.6, -0.4)
116;2.671;-6.875359;-10.32586;0;0;0;8.4176;-4.061282;(0.1, 1.6, -0.4)
117;2.686;-7.44522;-10.8416;1;0;1;8.233714;-3.90397;(0.1, 1.6, -0.4)SaccadeStart;
118;2.700;-7.512852;-10.82961;0;0;0;8.14871;-3.814465;(0.1, 1.6, -0.4)
119;2.730;-7.549948;-10.86154;0;0;0;7.92879;-3.613546;(0.1, 1.6, -0.4)
120;2.745;-8.038477;-11.43207;1;0;1;7.793755;-3.522949;(0.1, 1.6, -0.4)SaccadeStart;
121;2.770;-8.138181;-11.70975;0;0;0;7.449546;-3.37835;(0.1, 1.6, -0.4)
122;2.784;-8.783632;-11.86351;0;0;0;7.256885;-3.332678;(0.1, 1.6, -0.4)
123;2.799;-8.903896;-11.76202;0;0;0;7.048521;-3.306141;(0.1, 1.6, -0.4)
124;2.817;-9.326283;-11.53815;0;0;0;6.808115;-3.310436;(0.1, 1.6, -0.4)
125;2.844;-9.50855;-11.41957;0;0;0;6.317305;-3.415757;(0.1, 1.6, -0.4)
126;2.871;-10.27548;-10.79614;0;0;0;5.744867;-3.611484;(0.1, 1.6, -0.4)
127;2.886;-10.61049;-10.0269;1;0;1;5.439204;-3.712745;(0.1, 1.6, -0.4)SaccadeStart;
128;2.901;-10.49316;-9.851079;0;0;0;5.124507;-3.821913;(0.1, 1.6, -0.4)
129;2.913;-10.55528;-9.815456;0;0;0;4.796447;-3.955412;(0.1, 1.6, -0.4)
130;2.927;-10.66136;-9.853813;0;0;0;4.498507;-4.093073;(0.1, 1.6, -0.4)
131;2.942;-10.73951;-9.791379;0;0;0;4.200682;-4.23277;(0.1, 1.6, -0.4)
132;2.956;-10.54511;-9.698345;0;0;0;3.899889;-4.371402;(0.1, 1.6, -0.4)
133;2.971;-10.59065;-9.71782;0;0;0;3.578334;-4.517581;(0.1, 1.6, -0.4)
134;2.985;-10.69777;-9.737476;0;0;0;3.275962;-4.653851;(0.1, 1.6, -0.4)
135;3.000;-10.62667;-9.682009;0;0;0;2.973686;-4.788154;(0.1, 1.6, -0.4)
136;3.013;-10.70965;-9.708979;0;0;0;2.650315;-4.932245;(0.1, 1.6, -0.4)
137;3.041;-10.55154;-9.646104;0;0;0;2.338392;-5.067052;(0.1, 1.6, -0.4)
138;3.057;-10.34485;-9.575333;0;0;0;1.618104;-5.318753;(0.1, 1.6, -0.4)
139;3.070;-10.50603;-9.645614;0;0;0;1.169129;-5.435281;(0.1, 1.6, -0.4)
140;3.115;-10.61154;-9.676888;0;0;0;0.7343341;-5.532427;(0.1, 1.6, -0.4)
141;3.170;-10.27279;-9.697703;0;0;0;-1.171997;-5.848783;(0.1, 1.6, -0.4)
142;3.186;-17.5255;-11.64048;1;1;1;-1.708313;-5.918216;(0.1, 1.6, -0.4)SaccadeStart;
143;3.202;-18.16477;-12.46335;0;0;1;-3.376923;-6.156133;(0.1, 1.6, -0.4)
144;3.229;-19.55663;-12.72094;1;1;1;-4.295776;-6.308834;(0.1, 1.6, -0.4)SaccadeStart;
145;3.243;-19.55819;-12.70403;0;0;0;-4.745911;-6.384504;(0.1, 1.6, -0.4)
146;3.258;-19.7252;-12.72245;0;0;0;-5.213776;-6.46122;(0.1, 1.6, -0.4)
147;3.271;-19.94664;-12.67809;0;0;0;-5.646057;-6.528598;(0.1, 1.6, -0.4)
148;3.286;-20.03749;-12.60572;0;0;0;-6.084259;-6.590138;(0.1, 1.6, -0.4)
149;3.313;-20.24624;-12.56143;0;0;0;-7.004059;-6.693061;(0.1, 1.6, -0.4)
150;3.329;-20.95361;-12.13502;1;0;1;-7.442444;-6.738582;(0.1, 1.6, -0.4)SaccadeStart;
151;3.343;-21.08896;-11.91474;0;0;0;-7.875854;-6.78687;(0.1, 1.6, -0.4)
152;3.373;-21.46498;-11.65227;0;0;0;-8.726593;-6.913093;(0.1, 1.6, -0.4)
153;3.402;-21.56526;-11.57554;0;0;0;-9.490875;-7.059695;(0.1, 1.6, -0.4)
154;3.428;-21.62268;-11.52335;0;0;0;-10.27808;-7.192651;(0.2, 1.6, -0.4)
155;3.444;-21.81678;-11.29303;0;0;0;-10.66296;-7.230513;(0.2, 1.6, -0.4)
156;3.458;-25.17344;-11.00011;1;1;1;-11.08133;-7.24635;(0.2, 1.6, -0.4)SaccadeStart;
157;3.487;-26.63064;-11.19353;1;1;1;-11.86926;-7.225188;(0.2, 1.6, -0.4)
158;3.501;-28.79391;-11.67039;1;1;1;-12.31586;-7.19548;(0.2, 1.6, -0.4)
159;3.529;-28.8715;-12.28306;0;0;0;-13.09418;-7.133229;(0.2, 1.6, -0.4)
160;3.543;-29.44699;-12.66122;1;0;1;-13.5209;-7.09835;(0.2, 1.6, -0.4)SaccadeStart;
161;3.557;-29.56007;-12.68913;0;0;0;-14.00177;-7.059319;(0.2, 1.6, -0.4)
162;3.571;-29.69231;-12.7534;0;0;0;-14.46582;-7.026027;(0.2, 1.6, -0.4)
163;3.586;-29.53866;-12.88206;0;0;0;-14.93304;-6.997277;(0.2, 1.6, -0.4)
164;3.599;-29.66166;-12.90191;0;0;0;-15.39566;-6.975257;(0.2, 1.6, -0.4)
165;3.615;-29.76288;-12.91051;0;0;0;-15.89731;-6.961876;(0.2, 1.6, -0.4)
166;3.628;-30.22814;-13.13761;0;0;0;-16.38629;-6.954611;(0.2, 1.6, -0.4)
167;3.645;-35.7354;-13.52612;1;1;1;-16.89868;-6.946984;(0.2, 1.6, -0.4)SaccadeStart;
168;3.696;-37.12382;-13.85578;0;0;0;-17.46951;-6.932231;(0.2, 1.6, -0.4)
169;3.711;-39.18666;-14.02671;1;1;1;-18.578;-6.874908;(0.2, 1.6, -0.4)SaccadeStart;
170;3.731;-38.68653;-14.07361;0;0;0;-20.31161;-6.772159;(0.2, 1.6, -0.4)
171;3.746;-39.64613;-14.03838;1;1;1;-20.92001;-6.746474;(0.2, 1.6, -0.4)SaccadeStart;
172;3.772;-39.43323;-14.06272;0;0;0;-22.24722;-6.71067;(0.2, 1.6, -0.4)
173;3.785;-39.86152;-13.99229;0;0;0;-22.9014;-6.698437;(0.2, 1.6, -0.4)
174;3.800;-39.58429;-13.94737;0;0;0;-23.56805;-6.695306;(0.2, 1.6, -0.4)
175;3.814;-39.85521;-13.79437;0;0;0;-24.30246;-6.697738;(0.2, 1.6, -0.4)
176;3.828;-40.1593;-13.66671;0;0;0;-25.01321;-6.698895;(0.2, 1.6, -0.4)
177;3.843;-39.93491;-13.24406;0;0;0;-25.74442;-6.697103;(0.2, 1.6, -0.4)
178;3.858;-40.14147;-13.21428;0;0;0;-26.43256;-6.690827;(0.2, 1.6, -0.4)
179;3.871;-40.31433;-13.13946;0;0;0;-27.28543;-6.681181;(0.2, 1.6, -0.4)
180;3.886;-40.38351;-12.99773;0;0;0;-28.04999;-6.675897;(0.2, 1.6, -0.4)
181;3.901;-42.6042;-12.48274;1;1;1;-28.83917;-6.665893;(0.2, 1.6, -0.4)SaccadeStart;
182;3.928;-48.32934;-12.61142;1;1;1;-30.49551;-6.614166;(0.2, 1.6, -0.4)
183;3.942;-51.30966;-12.14218;1;1;1;-31.26932;-6.589602;(0.2, 1.6, -0.4)
184;3.957;-51.45969;-12.13455;0;0;0;-32.02615;-6.575698;(0.2, 1.6, -0.4)
185;3.972;-51.32469;-12.09083;0;0;0;-32.82065;-6.572868;(0.2, 1.6, -0.4)
186;4.000;-51.27161;-12.00579;0;0;0;-34.24982;-6.591325;(0.2, 1.6, -0.4)
187;4.035;-51.67243;-11.74836;0;0;0;-35.64203;-6.626278;(0.2, 1.6, -0.4)
188;4.058;-51.26678;-11.49489;0;0;0;-36.87988;-6.663061;(0.2, 1.6, -0.4)
189;4.071;-51.84333;-11.40728;0;0;0;-37.50845;-6.68271;(0.2, 1.6, -0.4)
190;4.115;-51.85104;-11.38583;0;0;0;-38.06976;-6.706002;(0.2, 1.6, -0.4)
191;4.128;-51.48753;-11.38142;0;0;0;-39.56366;-6.784259;(0.2, 1.6, -0.4)
192;4.142;-52.72777;-11.39654;1;1;1;-39.94907;-6.795488;(0.2, 1.6, -0.4)SaccadeStart;
193;4.158;-52.69707;-11.40738;0;0;0;-40.29883;-6.796071;(0.2, 1.6, -0.4)
194;4.213;-53.03401;-11.42346;0;0;0;-40.64923;-6.795354;(0.2, 1.6, -0.4)
195;4.228;-53.3809;-11.45785;0;0;0;-41.29608;-6.786815;(0.2, 1.6, -0.4)
196;4.245;-53.17536;-11.64199;0;0;0;-42.57239;-6.744269;(0.2, 1.6, -0.4)
197;4.271;-53.74835;-11.64135;0;0;0;-43.6926;-6.616639;(0.2, 1.6, -0.4)
198;4.285;-55.31871;-10.58867;1;0;1;-44.23666;-6.510048;(0.2, 1.6, -0.4)SaccadeStart;
199;4.299;-56.10128;-10.66344;0;1;1;-44.74295;-6.399268;(0.2, 1.6, -0.4)
200;4.314;-56.7799;-10.96076;1;0;1;-45.23099;-6.285616;(0.2, 1.6, -0.4)SaccadeStart;
201;4.331;-57.32579;-10.98224;0;0;0;-45.64526;-6.186927;(0.2, 1.6, -0.4)
202;4.357;-58.00225;-10.99288;0;0;0;-46.36871;-5.977815;(0.2, 1.6, -0.4)
203;4.372;-59.05105;-10.78854;1;0;1;-46.69415;-5.85184;(0.2, 1.6, -0.4)SaccadeStart;
204;4.400;-59.45798;-10.70027;0;0;0;-47.21347;-5.608373;(0.2, 1.6, -0.4)
205;4.415;-61.3522;-12.03335;1;0;1;-47.46912;-5.479458;(0.2, 1.6, -0.4)SaccadeStart;
206;4.445;-61.81424;-10.10417;0;0;1;-47.92798;-5.251374;(0.2, 1.6, -0.4)
207;4.472;-61.90723;-9.767964;0;0;0;-48.39771;-5.063202;(0.2, 1.6, -0.4)
208;4.486;-61.96087;-9.67233;0;0;0;-48.61752;-4.986689;(0.2, 1.6, -0.4)
209;4.501;-62.05056;-9.624524;0;0;0;-48.84198;-4.911175;(0.2, 1.6, -0.4)
210;4.528;-62.13747;-9.566211;0;0;0;-49.22882;-4.789402;(0.2, 1.6, -0.4)
211;4.543;-62.55247;-9.238641;0;0;0;-49.41995;-4.742343;(0.2, 1.6, -0.4)
212;4.558;-62.69214;-9.235132;0;0;0;-49.578;-4.709621;(0.2, 1.6, -0.4)
213;4.571;-62.90828;-9.192789;0;0;0;-49.75244;-4.671429;(0.2, 1.6, -0.4)
214;4.586;-63.07682;-9.225698;0;0;0;-49.91089;-4.633334;(0.2, 1.6, -0.4)
215;4.615;-63.18423;-9.238497;0;0;0;-50.24255;-4.545328;(0.2, 1.6, -0.4)
216;4.644;-63.46453;-9.333203;0;0;0;-50.55313;-4.458491;(0.2, 1.6, -0.4)
217;4.659;-63.9105;-9.651674;0;0;0;-50.71323;-4.42271;(0.2, 1.6, -0.4)
218;4.687;-63.96609;-9.670104;0;0;0;-51.00708;-4.402297;(0.2, 1.6, -0.4)
219;4.754;-64.11205;-9.638596;0;0;0;-51.23788;-4.411975;(0.2, 1.6, -0.4)
220;4.772;-65.11425;-9.413427;1;0;1;-51.39651;-4.408818;(0.2, 1.6, -0.4)SaccadeStart;
221;4.785;-66.09023;-8.747034;1;1;1;-51.53967;-4.451025;(0.2, 1.6, -0.4)
222;4.800;-66.24906;-8.674193;0;0;0;-51.56674;-4.47858;(0.2, 1.6, -0.4)
223;4.818;-66.32166;-8.649434;0;0;0;-51.59671;-4.499424;(0.2, 1.6, -0.4)
224;4.844;-66.41589;-8.549776;0;0;0;-51.68134;-4.504694;(0.2, 1.6, -0.4)
225;4.872;-62.74976;-9.321834;1;0;1;-51.78555;-4.463751;(0.2, 1.6, -0.4)SaccadeStart;
226;4.887;-62.35998;-9.476459;0;0;0;-51.83865;-4.434022;(0.2, 1.6, -0.4)
227;4.913;-62.32332;-9.563812;0;0;0;-51.9483;-4.344843;(0.2, 1.6, -0.4)
228;4.930;-62.21806;-9.774406;0;0;0;-52.00525;-4.292947;(0.2, 1.6, -0.4)
229;4.960;-62.30993;-9.996034;0;0;0;-52.13461;-4.180371;(0.2, 1.6, -0.4)
230;4.987;-62.30111;-10.4343;0;0;0;-52.28528;-4.027908;(0.2, 1.6, -0.4)
231;5.014;-62.23389;-10.49475;0;0;0;-52.44946;-3.844594;(0.2, 1.6, -0.4)
232;5.054;-62.39237;-10.75822;0;0;0;-52.5336;-3.763974;(0.2, 1.6, -0.4)
233;5.070;-62.27058;-10.88328;0;0;0;-52.79633;-3.573693;(0.2, 1.6, -0.4)
234;5.086;-62.42013;-10.84041;0;0;0;-52.88785;-3.529704;(0.2, 1.6, -0.4)
235;5.129;-62.46924;-10.86359;0;0;0;-52.98309;-3.492039;(0.2, 1.6, -0.4)
236;5.155;-62.42609;-11.13985;0;0;0;-53.45154;-3.374597;(0.2, 1.6, -0.4)
237;5.171;-67.7738;-9.710217;1;0;1;-53.6062;-3.35286;(0.2, 1.6, -0.4)SaccadeStart;
238;5.184;-68.94122;-9.878776;1;0;1;-53.76212;-3.334633;(0.2, 1.6, -0.4)
239;5.199;-71.84358;-10.16069;1;1;1;-53.92926;-3.320957;(0.2, 1.6, -0.4)
240;5.214;-71.93181;-10.16517;0;0;0;-54.10791;-3.315308;(0.2, 1.6, -0.4)
241;5.269;-72.05038;-10.27681;0;0;0;-54.51083;-3.324313;(0.2, 1.6, -0.4)
242;5.292;-72.02793;-10.91068;0;0;0;-54.72635;-3.336946;(0.2, 1.6, -0.4)
243;5.306;-71.8939;-11.11876;0;0;0;-55.32907;-3.380593;(0.2, 1.6, -0.4)
244;5.330;-72.05492;-11.43523;0;0;0;-55.76862;-3.420287;(0.2, 1.6, -0.4)
245;5.358;-72.16235;-11.54885;0;0;0;-56.25284;-3.461227;(0.2, 1.6, -0.4)
246;5.387;-72.30378;-11.85373;0;0;0;-56.77679;-3.492444;(0.2, 1.6, -0.4)
247;5.413;-72.56187;-11.55136;0;0;0;-57.3703;-3.509354;(0.2, 1.6, -0.4)
248;5.430;-72.71355;-11.49116;0;0;0;-57.67477;-3.512192;(0.2, 1.6, -0.4)
249;5.459;-72.78334;-11.41887;0;0;0;-58.31317;-3.515797;(0.2, 1.6, -0.4)
250;5.485;-72.88316;-11.37359;0;0;0;-59.00006;-3.515177;(0.2, 1.6, -0.4)
251;5.499;-72.97529;-11.29281;0;0;0;-59.34;-3.514052;(0.2, 1.6, -0.4)
252;5.514;-73.01575;-11.27064;0;0;0;-59.68106;-3.514442;(0.2, 1.6, -0.4)
253;5.528;-73.10583;-11.26161;0;0;0;-60.04648;-3.520934;(0.2, 1.6, -0.4)
254;5.543;-73.19381;-11.17385;0;0;0;-60.39325;-3.531733;(0.2, 1.6, -0.4)
255;5.556;-74.51016;-10.57364;1;1;1;-60.75122;-3.545201;(0.2, 1.6, -0.4)SaccadeStart;
256;5.571;-76.57458;-9.596047;1;1;1;-61.15067;-3.566065;(0.2, 1.6, -0.4)
257;5.586;-77.48447;-9.266573;1;1;1;-61.54272;-3.596986;(0.2, 1.6, -0.4)
258;5.600;-77.59627;-9.269013;0;0;0;-61.95627;-3.635252;(0.2, 1.6, -0.4)
259;5.628;-77.72829;-9.202725;0;0;0;-62.85672;-3.726517;(0.2, 1.6, -0.4)
260;5.644;-77.93176;-9.065854;0;0;0;-63.30606;-3.775628;(0.2, 1.6, -0.4)
261;5.670;-78.03351;-9.021722;0;0;0;-64.27087;-3.9024;(0.2, 1.6, -0.4)
262;5.686;-78.13108;-8.889419;0;0;0;-64.74658;-3.973919;(0.2, 1.6, -0.4)
263;5.699;-78.22048;-8.794426;0;0;0;-65.21912;-4.045366;(0.2, 1.6, -0.4)
264;5.715;-78.30046;-8.592249;0;0;0;-65.68488;-4.115301;(0.2, 1.6, -0.4)
265;5.731;-78.43887;-8.558712;0;0;0;-66.17133;-4.188504;(0.2, 1.6, -0.4)
266;5.784;-78.52209;-8.539135;0;0;0;-67.01239;-4.319901;(0.2, 1.6, -0.4)
267;5.799;-78.6054;-8.413902;0;0;0;-67.42218;-4.392561;(0.2, 1.6, -0.4)
268;5.815;-78.42554;-8.042715;0;0;0;-68.46478;-4.645188;(0.2, 1.6, -0.4)
269;5.829;-78.90802;-8.192911;1;1;1;-68.81293;-4.75183;(0.2, 1.6, -0.4)SaccadeStart;
270;5.842;-78.90676;-8.09365;0;0;0;-69.13486;-4.853892;(0.2, 1.6, -0.4)
271;5.857;-79.0154;-8.029128;0;0;0;-69.45706;-4.955828;(0.2, 1.6, -0.4)
272;5.873;-79.07562;-8.04145;0;0;0;-69.80884;-5.059307;(0.2, 1.6, -0.4)
273;5.900;-79.18937;-7.995894;0;0;0;-70.5029;-5.237476;(0.2, 1.6, -0.4)
274;5.913;-79.28722;-7.996073;0;0;0;-70.8717;-5.325538;(0.2, 1.6, -0.4)
275;5.927;-79.24541;-7.92662;0;0;0;-71.28418;-5.422393;(0.2, 1.6, -0.4)
276;5.942;-80.28987;-8.081697;1;0;1;-71.69092;-5.511031;(0.2, 1.6, -0.4)SaccadeStart;
277;5.958;-80.39762;-8.089546;0;0;0;-72.12299;-5.595798;(0.2, 1.6, -0.4)
278;5.984;-80.48275;-9.215154;1;1;1;-73.11069;-5.753746;(0.2, 1.6, -0.4)SaccadeStart;
279;5.999;-78.4308;-11.44224;0;1;1;-73.63058;-5.823397;(0.2, 1.6, -0.4)
280;6.014;-78.39793;-11.44843;0;0;0;-74.17249;-5.891387;(0.2, 1.6, -0.4)
281;6.084;-78.43808;-11.43234;0;0;0;-74.77252;-5.961453;(0.2, 1.6, -0.4)
282;6.099;-78.95847;-11.03501;1;1;1;-77.73993;-6.226188;(0.2, 1.6, -0.4)SaccadeStart;
283;6.141;-78.46826;-11.31523;0;1;1;-78.34265;-6.272414;(0.2, 1.6, -0.4)
284;6.163;-77.25199;-12.01885;1;1;1;-80.26083;-6.44536;(0.2, 1.6, -0.4)SaccadeStart;
285;6.175;-74.63235;-13.37333;1;1;1;-80.93564;-6.517012;(0.2, 1.6, -0.4)
286;6.201;-74.53548;-13.47171;0;0;0;-82.13327;-6.664149;(0.2, 1.6, -0.4)
287;6.215;-73.94027;-13.67103;1;1;1;-82.69711;-6.743104;(0.2, 1.6, -0.4)SaccadeStart;
288;6.228;-74.01548;-13.58725;0;0;0;-83.2753;-6.832645;(0.2, 1.6, -0.4)
289;6.242;-73.94596;-13.59128;0;0;0;-83.79257;-6.916924;(0.2, 1.6, -0.4)
290;6.257;-73.84959;-13.60453;0;0;0;-84.28638;-7.000896;(0.2, 1.6, -0.4)
291;6.297;-73.99821;-13.50291;0;0;0;-84.78738;-7.085512;(0.2, 1.6, -0.4)
292;6.311;-73.96209;-13.49152;0;0;0;-85.23376;-7.161319;(0.2, 1.6, -0.4)
293;6.329;-73.5816;-13.68014;0;0;0;-86.5351;-7.397396;(0.2, 1.6, -0.4)
294;6.341;-72.734;-13.88044;1;0;1;-86.93716;-7.458254;(0.2, 1.6, -0.4)SaccadeStart;
295;6.356;-72.5097;-13.84435;0;0;0;-87.3302;-7.504775;(0.2, 1.6, -0.4)
296;6.374;-72.35062;-13.88962;0;0;0;-87.75214;-7.542749;(0.2, 1.6, -0.4)
297;6.400;-72.06681;-14.0284;0;0;0;-88.60358;-7.60432;(0.2, 1.6, -0.4)
298;6.415;-71.65471;-14.01665;0;0;0;-89.1106;-7.637301;(0.2, 1.6, -0.4)
299;6.429;-71.81797;-13.84237;0;0;0;-89.62262;-7.663408;(0.2, 1.6, -0.4)
300;6.443;-71.27705;-13.54019;1;1;1;-90.16821;-7.68239;(0.2, 1.6, -0.4)SaccadeStart;
301;6.457;-66.73811;-15.5686;0;1;1;-90.78699;-7.697762;(0.2, 1.6, -0.4)
302;6.471;-65.82866;-16.06124;1;1;1;-91.39285;-7.714195;(0.2, 1.6, -0.4)SaccadeStart;
303;6.485;-65.67052;-16.26459;0;0;0;-91.97699;-7.737796;(0.2, 1.6, -0.4)
304;6.500;-65.3262;-16.37125;0;0;0;-92.67255;-7.780453;(0.2, 1.6, -0.4)
305;6.513;-65.03188;-16.33054;0;0;0;-93.32916;-7.828734;(0.2, 1.6, -0.4)
306;6.527;-65.26318;-16.20822;0;0;0;-94.02362;-7.879751;(0.2, 1.6, -0.4)
307;6.541;-65.17631;-16.13248;0;0;0;-94.64938;-7.92399;(0.2, 1.6, -0.4)
308;6.558;-65.08846;-16.06917;0;0;0;-95.24658;-7.968152;(0.2, 1.6, -0.4)
309;6.570;-64.925;-16.12336;0;0;0;-95.84607;-8.017047;(0.2, 1.6, -0.4)
310;6.586;-65.04932;-16.06657;0;0;0;-96.36517;-8.068137;(0.2, 1.6, -0.4)
311;6.600;-65.05215;-16.1039;0;0;0;-96.84589;-8.129345;(0.2, 1.6, -0.4)
312;6.613;-64.87115;-16.12843;0;0;0;-97.28741;-8.203509;(0.2, 1.6, -0.4)
313;6.628;-64.95367;-16.14882;0;0;0;-97.72076;-8.297969;(0.2, 1.6, -0.4)
314;6.642;-64.87544;-16.18655;0;0;0;-98.09137;-8.395587;(0.2, 1.6, -0.4)
315;6.656;-64.6196;-16.29922;0;0;0;-98.43674;-8.495447;(0.2, 1.6, -0.4)
316;6.670;-64.38455;-16.58575;0;0;0;-98.78448;-8.596008;(0.2, 1.6, -0.4)
317;6.686;-64.02756;-16.86918;0;0;0;-99.09192;-8.677043;(0.2, 1.6, -0.4)
318;6.699;-63.79778;-17.06379;0;0;0;-99.38501;-8.738029;(0.2, 1.6, -0.4)
319;6.714;-63.59192;-17.18902;0;0;0;-99.69464;-8.777847;(0.3, 1.6, -0.4)
320;6.729;-63.19715;-17.53421;0;0;0;-99.99664;-8.791372;(0.3, 1.6, -0.4)
321;6.743;-62.9118;-17.77582;0;0;0;-100.3136;-8.782358;(0.3, 1.6, -0.4)
322;6.757;-62.68188;-18.04381;0;0;0;-100.6556;-8.746442;(0.3, 1.6, -0.4)
323;6.770;-62.50912;-18.23259;0;0;0;-100.9651;-8.692977;(0.3, 1.6, -0.4)
324;6.810;-62.41297;-18.51485;0;0;0;-101.256;-8.623072;(0.3, 1.6, -0.4)
325;6.825;-62.08059;-18.72212;0;0;0;-101.5312;-8.543339;(0.3, 1.6, -0.4)
326;6.852;-56.40151;-19.53631;1;1;1;-102.3354;-8.279486;(0.3, 1.6, -0.4)SaccadeStart;
327;6.871;-56.11051;-19.40788;0;0;0;-102.8377;-8.104391;(0.3, 1.6, -0.4)
328;6.889;-56.5814;-19.15382;0;0;0;-103.0757;-8.023436;(0.3, 1.6, -0.4)
329;6.914;-56.86451;-19.1056;0;0;0;-103.5636;-7.871451;(0.3, 1.6, -0.4)
330;6.927;-57.01535;-19.29959;0;0;0;-103.8363;-7.800984;(0.3, 1.6, -0.4)
331;6.942;-56.95811;-19.28788;0;0;0;-104.0934;-7.740705;(0.3, 1.6, -0.4)
332;6.956;-56.90655;-19.82759;0;0;0;-104.3473;-7.683406;(0.3, 1.6, -0.4)
333;6.972;-56.89614;-19.82751;0;0;0;-104.6114;-7.625805;(0.3, 1.6, -0.4)
334;6.985;-56.84134;-19.86175;0;0;0;-104.8416;-7.574948;(0.3, 1.6, -0.4)
335;7.000;-56.93455;-20.04259;0;0;0;-105.0467;-7.525486;(0.3, 1.6, -0.4)
336;7.013;-56.62795;-20.41315;0;0;0;-105.2303;-7.471834;(0.3, 1.6, -0.4)
337;7.049;-55.85124;-21.15906;0;0;0;-105.3734;-7.423774;(0.3, 1.6, -0.4)
338;7.070;-55.6944;-21.3754;0;0;0;-105.5066;-7.310245;(0.3, 1.6, -0.4)
339;7.086;-63.24617;-16.36949;1;0;1;-105.4474;-7.277335;(0.3, 1.6, -0.4)SaccadeStart;
340;7.102;-64.58665;-15.88296;1;0;1;-105.3109;-7.245549;(0.3, 1.6, -0.4)
341;7.160;-68.33318;-13.986;1;1;1;-105.0023;-7.19959;(0.3, 1.6, -0.4)
342;7.184;-67.98757;-14.05765;0;0;0;-104.0361;-7.087419;(0.3, 1.6, -0.4)
343;7.207;-68.18361;-14.27274;0;0;0;-103.7414;-7.032605;(0.3, 1.6, -0.4)
344;7.220;-67.94921;-14.55072;0;0;0;-103.4326;-6.975492;(0.3, 1.6, -0.4)
345;7.242;-67.70615;-14.86225;0;0;0;-102.759;-6.822664;(0.3, 1.6, -0.4)
346;7.256;-67.84671;-14.93674;0;0;0;-102.427;-6.730404;(0.3, 1.6, -0.4)
347;7.270;-67.75677;-15.03601;0;0;0;-102.0679;-6.624196;(0.3, 1.6, -0.4)
348;7.316;-68.68568;-15.04939;0;0;0;-101.7263;-6.521023;(0.3, 1.6, -0.4)
349;7.331;-71.99686;-13.62523;1;1;1;-101.3817;-6.417099;(0.3, 1.6, -0.4)SaccadeStart;
350;7.355;-74.21887;-12.234;1;1;1;-100.0388;-6.120639;(0.3, 1.6, -0.4)
351;7.372;-75.27979;-11.82332;1;1;1;-99.69476;-6.091192;(0.3, 1.6, -0.4)
352;7.388;-75.20043;-11.85707;0;0;0;-99.3768;-6.071151;(0.3, 1.6, -0.4)
353;7.414;-75.15667;-11.87641;0;0;0;-98.77347;-6.031061;(0.3, 1.6, -0.4)
354;7.428;-75.38274;-11.89259;0;0;0;-98.51495;-6.014141;(0.3, 1.6, -0.4)
355;7.443;-75.30904;-11.97022;0;0;0;-98.27167;-5.996137;(0.3, 1.6, -0.4)
356;7.456;-75.43958;-12.00651;0;0;0;-98.04016;-5.975287;(0.3, 1.6, -0.4)
357;7.470;-75.51304;-11.99577;0;0;0;-97.80136;-5.951265;(0.3, 1.6, -0.4)
358;7.485;-75.59793;-12.02676;0;0;0;-97.58011;-5.92928;(0.3, 1.6, -0.4)
359;7.499;-75.75219;-12.04241;0;0;0;-97.35721;-5.909408;(0.3, 1.6, -0.4)
360;7.513;-75.83215;-12.02007;0;0;0;-97.11096;-5.892789;(0.3, 1.6, -0.4)
361;7.528;-75.87239;-12.03538;0;0;0;-96.87668;-5.883289;(0.3, 1.6, -0.4)
362;7.543;-75.87821;-12.32215;0;0;0;-96.64215;-5.881607;(0.3, 1.6, -0.4)
363;7.556;-77.04253;-11.98681;1;1;1;-96.41327;-5.887478;(0.3, 1.6, -0.4)SaccadeStart;
364;7.570;-78.10511;-11.43142;1;1;1;-96.17853;-5.897413;(0.3, 1.6, -0.4)
365;7.586;-78.30906;-11.35028;0;0;0;-95.97159;-5.906814;(0.3, 1.6, -0.4)
366;7.599;-78.49154;-11.21468;0;0;0;-95.77133;-5.911559;(0.3, 1.6, -0.4)
367;7.613;-78.82162;-10.96009;0;0;0;-95.55447;-5.907808;(0.3, 1.6, -0.4)
368;7.627;-78.8276;-10.98822;0;0;0;-95.3454;-5.89374;(0.3, 1.6, -0.4)
369;7.643;-78.84377;-10.98375;0;0;0;-95.13055;-5.868284;(0.3, 1.6, -0.4)
370;7.656;-78.81741;-11.00183;0;0;0;-94.91293;-5.833889;(0.3, 1.6, -0.4)
371;7.671;-78.81829;-11.03289;0;0;0;-94.67709;-5.790023;(0.3, 1.6, -0.4)
372;7.686;-78.80695;-11.0512;0;0;0;-94.45651;-5.749002;(0.3, 1.6, -0.4)
373;7.700;-78.62503;-11.26214;0;0;0;-94.2337;-5.709785;(0.3, 1.6, -0.4)
374;7.716;-78.63258;-11.2665;0;0;0;-93.99405;-5.671278;(0.3, 1.6, -0.4)
375;7.729;-78.50037;-11.41506;0;0;0;-93.76999;-5.639274;(0.3, 1.6, -0.4)
376;7.743;-78.51329;-11.41041;0;0;0;-93.54611;-5.613732;(0.3, 1.6, -0.4)
377;7.758;-78.47005;-11.46944;0;0;0;-93.32813;-5.588727;(0.3, 1.6, -0.4)
378;7.771;-78.41197;-11.53279;0;0;0;-93.11188;-5.5619;(0.3, 1.6, -0.4)
379;7.815;-78.469;-11.4892;0;0;0;-92.92639;-5.539267;(0.3, 1.6, -0.4)
380;7.830;-78.50329;-11.46279;0;0;0;-92.75299;-5.522913;(0.3, 1.6, -0.4)
381;7.856;-78.24368;-11.72962;0;0;0;-92.15384;-5.633929;(0.3, 1.6, -0.4)
382;7.871;-78.13275;-11.86576;0;0;0;-92.01443;-5.701736;(0.3, 1.6, -0.4)
383;7.885;-78.1471;-11.85243;0;0;0;-91.86127;-5.787931;(0.3, 1.6, -0.4)
384;7.901;-78.12753;-11.87247;0;0;0;-91.71146;-5.880503;(0.3, 1.6, -0.4)
385;7.928;-78.08622;-11.91275;0;0;0;-91.38037;-6.076807;(0.3, 1.6, -0.4)
386;7.941;-77.97592;-12.01935;0;0;0;-91.22055;-6.162725;(0.3, 1.6, -0.4)
387;7.958;-77.84966;-12.14173;0;0;0;-91.06842;-6.24035;(0.3, 1.6, -0.4)
388;7.971;-77.63889;-12.35055;0;0;0;-90.91174;-6.316993;(0.3, 1.6, -0.4)
389;7.985;-77.5666;-12.41871;0;0;0;-90.76385;-6.38517;(0.3, 1.6, -0.4)
390;8.001;-77.51838;-12.46389;0;0;0;-90.60724;-6.454345;(0.3, 1.6, -0.4)
391;8.039;-77.33806;-12.64263;0;0;0;-90.42352;-6.529163;(0.3, 1.6, -0.4)
392;8.056;-77.12676;-12.85061;0;0;0;-89.85632;-6.718448;(0.3, 1.6, -0.4)
393;8.071;-76.95166;-12.99335;0;0;0;-89.6431;-6.769026;(0.3, 1.6, -0.4)
394;8.085;-76.88985;-13.04694;0;0;0;-89.431;-6.804739;(0.3, 1.6, -0.4)
395;8.099;-76.8656;-13.07518;0;0;0;-89.20004;-6.829172;(0.3, 1.6, -0.4)
396;8.113;-76.82035;-13.1117;0;0;0;-88.94864;-6.844026;(0.3, 1.6, -0.4)
397;8.155;-76.73598;-13.18754;0;0;0;-88.67065;-6.844208;(0.3, 1.6, -0.4)
398;8.171;-77.60331;-11.64896;1;1;1;-87.87476;-6.708725;(0.3, 1.6, -0.4)SaccadeStart;
399;8.186;-78.03343;-10.42032;1;1;1;-87.62863;-6.625656;(0.3, 1.6, -0.4)
400;8.200;-78.09547;-10.36474;0;0;0;-87.39069;-6.533055;(0.3, 1.6, -0.4)
401;8.214;-78.09702;-10.33648;0;0;0;-87.15677;-6.435106;(0.3, 1.6, -0.4)
402;8.228;-78.09595;-10.30301;0;0;0;-86.90137;-6.328974;(0.3, 1.6, -0.4)
403;8.243;-78.08019;-10.34836;0;0;0;-86.65906;-6.235208;(0.3, 1.6, -0.3)
404;8.263;-78.06346;-10.31989;0;0;0;-86.39655;-6.143434;(0.3, 1.6, -0.3)
405;8.275;-78.0285;-10.29377;0;0;0;-86.15808;-6.06828;(0.3, 1.6, -0.3)
406;8.325;-77.95325;-10.39446;0;0;0;-85.71338;-5.947769;(0.3, 1.6, -0.3)
407;8.339;-77.91969;-10.37592;0;0;0;-85.50375;-5.897604;(0.3, 1.6, -0.3)
408;8.356;-77.95999;-10.44709;0;0;0;-84.86487;-5.737477;(0.3, 1.6, -0.3)
409;8.374;-77.8104;-10.33877;0;0;0;-84.62622;-5.672663;(0.3, 1.6, -0.3)
410;8.401;-77.79449;-10.42787;0;0;0;-84.16455;-5.536334;(0.3, 1.6, -0.3)
411;8.428;-77.66447;-10.48003;0;0;0;-83.70703;-5.363678;(0.3, 1.6, -0.4)
412;8.444;-77.56246;-10.47855;0;0;0;-83.49603;-5.263909;(0.3, 1.6, -0.3)
413;8.458;-77.29758;-10.61092;0;0;0;-83.28076;-5.152888;(0.3, 1.6, -0.4)
414;8.473;-77.25407;-10.5448;0;0;0;-83.0423;-5.026234;(0.3, 1.6, -0.4)
415;8.501;-77.244;-10.51237;0;0;0;-82.56967;-4.781446;(0.3, 1.6, -0.4)
416;8.517;-76.73913;-10.49762;1;1;1;-82.3176;-4.662396;(0.3, 1.6, -0.3)SaccadeStart;
417;8.543;-79.52086;-8.018595;0;1;1;-81.81357;-4.431071;(0.3, 1.6, -0.3)
418;8.556;-77.17425;-9.153762;1;1;1;-81.57996;-4.319781;(0.3, 1.6, -0.3)SaccadeStart;
419;8.570;-77.1012;-9.128443;0;0;0;-81.29276;-4.202262;(0.3, 1.6, -0.3)
420;8.585;-76.99021;-9.068437;0;0;0;-81.01648;-4.094444;(0.3, 1.6, -0.3)
421;8.599;-76.87245;-9.047358;0;0;0;-80.73209;-3.988369;(0.3, 1.6, -0.3)
422;8.613;-76.75809;-8.974033;0;0;0;-80.44226;-3.883622;(0.3, 1.6, -0.3)
423;8.628;-76.61598;-8.889591;0;0;0;-80.13043;-3.773555;(0.3, 1.6, -0.3)
424;8.642;-76.45181;-8.786537;0;0;0;-79.84659;-3.669988;(0.3, 1.6, -0.3)
425;8.655;-76.26094;-8.6726;0;0;0;-79.57498;-3.564228;(0.3, 1.6, -0.3)
426;8.672;-74.17283;-11.14816;1;1;1;-79.31592;-3.459925;(0.3, 1.6, -0.3)SaccadeStart;
427;8.684;-74.65459;-7.033038;0;1;1;-79.04932;-3.345122;(0.3, 1.6, -0.3)
428;8.701;-74.64162;-7.744232;0;0;0;-78.80612;-3.232789;(0.3, 1.6, -0.3)
429;8.731;-74.66158;-7.939313;0;0;0;-78.29703;-2.979387;(0.3, 1.6, -0.3)
430;8.745;-74.66176;-8.002913;0;0;0;-78.04346;-2.850093;(0.3, 1.6, -0.3)
431;8.770;-74.58939;-8.319033;0;0;0;-77.5181;-2.574734;(0.3, 1.6, -0.3)
432;8.785;-74.54836;-8.358668;0;0;0;-77.26981;-2.438154;(0.3, 1.6, -0.3)
433;8.827;-74.51626;-8.345459;0;0;0;-77.02542;-2.300665;(0.3, 1.6, -0.3)
434;8.841;-74.48367;-8.31289;0;0;0;-76.78418;-2.161597;(0.3, 1.6, -0.3)
435;8.859;-74.4796;-8.745401;0;0;0;-76.06818;-1.7602;(0.3, 1.6, -0.3)
436;8.886;-74.18962;-8.39908;0;0;0;-75.60953;-1.554303;(0.3, 1.6, -0.4)
437;8.899;-74.04539;-8.483423;0;0;0;-75.39877;-1.482334;(0.3, 1.6, -0.4)
438;8.913;-74.03089;-8.513197;0;0;0;-75.18478;-1.425747;(0.3, 1.6, -0.4)
439;8.928;-72.91766;-8.811501;1;0;1;-74.9949;-1.391295;(0.3, 1.6, -0.3)SaccadeStart;
440;8.941;-69.14556;-8.172989;1;0;1;-74.81271;-1.37293;(0.3, 1.6, -0.3)
441;8.957;-66.90588;-7.433955;1;0;1;-74.6358;-1.37201;(0.3, 1.6, -0.3)
442;8.971;-66.80583;-7.507666;0;0;0;-74.46094;-1.387926;(0.3, 1.6, -0.3)
443;8.985;-66.75249;-7.672755;0;0;0;-74.27692;-1.418325;(0.3, 1.6, -0.3)
444;8.999;-66.68461;-7.697759;0;0;0;-74.10779;-1.456602;(0.3, 1.6, -0.3)
445;9.013;-66.59588;-7.831511;0;0;0;-73.93631;-1.500898;(0.3, 1.6, -0.3)
446;9.049;-66.67535;-7.856053;0;0;0;-73.74524;-1.554727;(0.3, 1.6, -0.3)
447;9.070;-66.53216;-8.01391;0;0;0;-73.12244;-1.74361;(0.3, 1.6, -0.3)
448;9.085;-66.19518;-8.118005;0;0;0;-72.89758;-1.816006;(0.3, 1.6, -0.4)
449;9.099;-66.09159;-8.212716;0;0;0;-72.66956;-1.885594;(0.3, 1.6, -0.4)
450;9.114;-66.00471;-8.243723;0;0;0;-72.44391;-1.947813;(0.3, 1.6, -0.4)
451;9.160;-66.07665;-8.235456;0;0;0;-72.20419;-2.000773;(0.3, 1.6, -0.4)
452;9.184;-66.19278;-8.392467;0;0;0;-71.26682;-2.05721;(0.3, 1.6, -0.4)
453;9.201;-65.6351;-8.584194;0;0;0;-71.02014;-2.043663;(0.3, 1.6, -0.4)
454;9.215;-65.67699;-8.626677;0;0;0;-70.77505;-2.025959;(0.3, 1.6, -0.4)
455;9.230;-65.60774;-8.622787;0;0;0;-70.51297;-2.003305;(0.3, 1.6, -0.4)
456;9.257;-65.53627;-8.680572;0;0;0;-70.01678;-1.943891;(0.3, 1.6, -0.4)
457;9.274;-58.82479;-9.143393;1;1;1;-69.73047;-1.896595;(0.3, 1.6, -0.4)SaccadeStart;
458;9.337;-57.88176;-9.463427;0;0;0;-69.23755;-1.807288;(0.3, 1.6, -0.4)
459;9.353;-56.95552;-9.586022;1;1;1;-69.01645;-1.769468;(0.3, 1.6, -0.4)SaccadeStart;
460;9.372;-57.55163;-9.741731;0;0;0;-68.05075;-1.656432;(0.3, 1.6, -0.4)
461;9.387;-56.91368;-9.656938;0;0;0;-67.80511;-1.644328;(0.3, 1.6, -0.4)
462;9.414;-56.84853;-9.678514;0;0;0;-67.29279;-1.63763;(0.3, 1.6, -0.4)
463;9.429;-56.61395;-9.744759;0;0;0;-67.00998;-1.646232;(0.3, 1.6, -0.4)
464;9.443;-56.46287;-9.791604;0;0;0;-66.7395;-1.658853;(0.3, 1.6, -0.4)
465;9.458;-56.44529;-9.790376;0;0;0;-66.46326;-1.676959;(0.3, 1.6, -0.4)
466;9.471;-56.33302;-9.773594;0;0;0;-66.16327;-1.700801;(0.3, 1.6, -0.4)
467;9.484;-56.26877;-9.706748;0;0;0;-65.88525;-1.72357;(0.3, 1.6, -0.4)
468;9.501;-56.12636;-9.628578;0;0;0;-65.60876;-1.746152;(0.3, 1.6, -0.4)
469;9.515;-55.93509;-9.678149;0;0;0;-65.3313;-1.768672;(0.3, 1.6, -0.4)
470;9.543;-55.30305;-9.616621;0;0;0;-64.74518;-1.826968;(0.3, 1.6, -0.4)
471;9.557;-54.71709;-9.535994;0;0;0;-64.45297;-1.865033;(0.3, 1.6, -0.4)
472;9.569;-53.96078;-9.096618;1;0;1;-64.15637;-1.912314;(0.3, 1.6, -0.4)SaccadeStart;
473;9.585;-51.8818;-9.071657;1;1;1;-63.84055;-1.970866;(0.3, 1.6, -0.4)
474;9.599;-50.0497;-8.763783;1;1;1;-63.55368;-2.031759;(0.3, 1.6, -0.4)
475;9.613;-49.90891;-8.714637;0;0;0;-63.27402;-2.099177;(0.3, 1.6, -0.4)
476;9.630;-49.70132;-8.591943;0;0;0;-62.98016;-2.176202;(0.3, 1.6, -0.4)
477;9.656;-49.36779;-8.742408;0;0;0;-62.43027;-2.317533;(0.3, 1.6, -0.4)
478;9.670;-49.28611;-8.599051;0;0;0;-62.12897;-2.384765;(0.3, 1.6, -0.4)
479;9.684;-49.13937;-8.585541;0;0;0;-61.83685;-2.440625;(0.3, 1.6, -0.4)
480;9.700;-49.09195;-8.455328;0;0;0;-61.53146;-2.485527;(0.3, 1.6, -0.4)
481;9.712;-48.98503;-8.472224;0;0;0;-61.2132;-2.519121;(0.3, 1.6, -0.4)
482;9.728;-49.06073;-8.47244;0;0;0;-60.86163;-2.546393;(0.3, 1.6, -0.4)
483;9.742;-48.8796;-8.571719;0;0;0;-60.53403;-2.567214;(0.3, 1.6, -0.4)
484;9.756;-48.93576;-8.651799;0;0;0;-60.21002;-2.587226;(0.3, 1.6, -0.4)
485;9.770;-48.84921;-8.696163;0;0;0;-59.8674;-2.608449;(0.3, 1.6, -0.4)
486;9.786;-48.75578;-8.70115;0;0;0;-59.55234;-2.626956;(0.3, 1.6, -0.4)
487;9.799;-48.49821;-8.820143;0;0;0;-59.24188;-2.644197;(0.3, 1.6, -0.4)
488;9.840;-48.12873;-9.016506;0;0;0;-58.93771;-2.658524;(0.3, 1.6, -0.4)
489;9.855;-47.93649;-9.070724;0;0;0;-58.62247;-2.665403;(0.3, 1.6, -0.4)
490;9.871;-48.12743;-9.177535;0;0;0;-57.81931;-2.617937;(0.3, 1.6, -0.4)
491;9.885;-47.47716;-9.200631;0;0;0;-57.58929;-2.58268;(0.3, 1.6, -0.4)
492;9.900;-47.51913;-9.219321;0;0;0;-57.36877;-2.544177;(0.3, 1.6, -0.4)
493;9.914;-47.34343;-9.263402;0;0;0;-57.15631;-2.501181;(0.3, 1.6, -0.4)
494;9.927;-47.12059;-9.393921;0;0;0;-56.93149;-2.453591;(0.3, 1.6, -0.4)
495;9.943;-46.64676;-9.702785;0;0;0;-56.71695;-2.410686;(0.3, 1.6, -0.4)
496;9.957;-46.55302;-9.647084;0;0;0;-56.49698;-2.371574;(0.3, 1.6, -0.4)
497;9.970;-46.49609;-9.619442;0;0;0;-56.2572;-2.334167;(0.3, 1.6, -0.4)
498;9.985;-46.53851;-9.565163;0;0;0;-56.02933;-2.302191;(0.3, 1.6, -0.4)
499;9.999;-46.48684;-9.546647;0;0;0;-55.79657;-2.273201;(0.3, 1.6, -0.4)
500;10.014;-46.4514;-9.559442;0;0;0;-55.53818;-2.243811;(0.3, 1.6, -0.4)
501;10.051;-46.338;-9.548123;0;0;0;-55.28223;-2.219353;(0.3, 1.6, -0.4)
502;10.070;-46.23179;-9.605118;0;0;0;-54.36636;-2.193561;(0.3, 1.6, -0.4)
503;10.084;-45.71555;-9.623166;0;0;0;-54.02866;-2.216187;(0.3, 1.6, -0.4)
504;10.099;-40.71268;-13.04825;1;0;1;-53.681;-2.254027;(0.3, 1.6, -0.4)SaccadeStart;
505;10.113;-39.55895;-13.68868;1;0;1;-53.3233;-2.301741;(0.3, 1.6, -0.4)
506;10.128;-38.6355;-14.05477;1;0;1;-52.93158;-2.357065;(0.3, 1.6, -0.4)
507;10.172;-38.36224;-14.09941;0;0;0;-52.56488;-2.408732;(0.3, 1.6, -0.4)
508;10.200;-38.49305;-14.17145;0;0;0;-51.18381;-2.617671;(0.3, 1.6, -0.4)
509;10.228;-37.18714;-15.03317;1;0;1;-50.56601;-2.746024;(0.3, 1.6, -0.4)SaccadeStart;
510;10.241;-36.82693;-15.06039;0;0;0;-50.27408;-2.809684;(0.3, 1.6, -0.4)
511;10.256;-36.80682;-15.0523;0;0;0;-50.00092;-2.863697;(0.3, 1.6, -0.4)
512;10.285;-36.72702;-15.06206;0;0;0;-49.35324;-2.975184;(0.3, 1.6, -0.4)
513;10.299;-35.44289;-15.40376;1;1;1;-49.04422;-3.026515;(0.3, 1.6, -0.4)SaccadeStart;
514;10.377;-35.17907;-15.47566;0;0;0;-48.3862;-3.130466;(0.3, 1.6, -0.4)
515;10.392;-34.15369;-15.72104;1;1;1;-47.7276;-3.213071;(0.3, 1.6, -0.4)SaccadeStart;
516;10.428;-34.77044;-15.73344;0;0;0;-45.8461;-3.355302;(0.3, 1.6, -0.4)
517;10.458;-33.80555;-15.77558;0;0;0;-45.091;-3.397082;(0.3, 1.6, -0.4)
518;10.483;-33.07024;-15.57174;0;0;0;-44.36273;-3.451275;(0.3, 1.6, -0.4)
519;10.501;-29.70958;-10.17705;1;0;1;-44.03915;-3.481166;(0.3, 1.6, -0.4)SaccadeStart;
520;10.527;-29.79694;-9.756404;0;0;0;-43.44208;-3.546328;(0.3, 1.6, -0.4)
521;10.543;-29.79579;-9.441096;0;0;0;-43.17535;-3.570835;(0.3, 1.6, -0.4)
522;10.570;-29.78931;-9.410659;0;0;0;-42.64029;-3.599431;(0.3, 1.6, -0.4)
523;10.599;-29.38797;-9.365366;0;0;0;-42.11069;-3.605116;(0.3, 1.6, -0.4)
524;10.627;-29.28783;-9.221738;0;0;0;-41.64014;-3.619867;(0.3, 1.6, -0.4)
525;10.642;-29.13138;-9.203368;0;0;0;-41.42081;-3.635311;(0.3, 1.6, -0.4)
526;10.656;-29.10011;-9.255008;0;0;0;-41.20581;-3.654814;(0.3, 1.6, -0.4)
527;10.685;-28.82775;-9.055709;0;0;0;-40.77109;-3.676794;(0.3, 1.6, -0.4)
528;10.700;-28.57029;-9.064178;0;0;0;-40.57053;-3.668404;(0.3, 1.6, -0.4)
529;10.729;-28.48438;-9.087812;0;0;0;-40.18112;-3.625466;(0.3, 1.6, -0.4)
530;10.755;-28.2817;-9.274901;0;0;0;-39.80875;-3.579269;(0.3, 1.6, -0.4)
531;10.785;-28.12689;-9.505257;0;0;0;-39.39166;-3.538685;(0.3, 1.6, -0.4)
532;10.814;-27.90969;-9.553769;0;0;0;-38.93762;-3.512218;(0.3, 1.6, -0.4)
533;10.843;-27.66467;-9.513222;0;0;0;-38.40332;-3.506125;(0.3, 1.6, -0.4)
534;10.895;-27.2418;-10.07455;0;0;0;-37.81552;-3.507494;(0.3, 1.6, -0.4)
535;10.908;-26.87415;-9.440621;1;0;1;-37.47299;-3.513293;(0.3, 1.6, -0.4)SaccadeStart;
536;10.929;-26.64786;-9.522665;0;0;0;-36.4007;-3.541446;(0.3, 1.6, -0.4)
537;10.956;-25.69075;-9.656491;0;0;0;-35.63641;-3.554024;(0.3, 1.6, -0.4)
538;10.984;-25.01193;-9.758473;0;0;0;-34.80423;-3.563737;(0.3, 1.6, -0.4)
539;10.999;-24.27767;-9.855145;0;0;0;-34.39282;-3.567475;(0.3, 1.6, -0.4)
540;11.017;-23.90511;-9.906807;0;0;0;-33.91724;-3.57063;(0.3, 1.6, -0.4)
541;11.044;-23.4679;-9.958611;0;0;0;-33.1087;-3.56824;(0.3, 1.6, -0.4)
542;11.069;-22.71937;-10.02856;0;0;0;-32.27832;-3.546662;(0.3, 1.6, -0.4)
543;11.085;-32.50097;-9.202998;1;1;1;-31.84048;-3.523147;(0.3, 1.6, -0.4)SaccadeStart;
544;11.130;-32.28885;-9.344674;0;0;0;-30.57443;-3.412709;(0.3, 1.6, -0.4)
545;11.185;-32.23743;-9.409005;0;0;0;-29.73236;-3.345714;(0.3, 1.6, -0.4)
546;11.199;-32.78602;-9.504663;0;0;0;-28.44626;-3.268375;(0.3, 1.6, -0.4)
547;11.227;-32.17936;-9.477942;0;0;0;-27.58539;-3.222761;(0.3, 1.6, -0.4)
548;11.258;-26.89103;-10.43987;1;1;1;-26.73724;-3.199785;(0.3, 1.6, -0.4)SaccadeStart;
549;11.285;-21.89391;-10.57959;1;1;1;-25.84512;-3.188625;(0.3, 1.6, -0.4)
550;11.315;-21.57913;-10.65551;0;0;0;-24.99771;-3.188455;(0.3, 1.6, -0.4)
551;11.344;-21.46373;-10.7394;0;0;0;-24.17126;-3.178201;(0.3, 1.6, -0.4)
552;11.421;-21.19416;-10.98341;0;0;0;-23.45547;-3.146927;(0.3, 1.6, -0.4)
553;11.438;-20.93321;-11.19628;0;0;0;-22.81512;-3.094041;(0.3, 1.6, -0.4)
554;11.460;-21.12891;-11.68175;0;0;0;-21.82291;-2.91756;(0.3, 1.6, -0.4)
555;11.485;-20.48164;-11.56003;0;0;0;-21.40167;-2.802306;(0.2, 1.6, -0.4)
556;11.515;-20.42317;-11.54461;0;0;0;-21.01135;-2.668309;(0.2, 1.6, -0.4)
557;11.543;-17.35837;-11.05149;1;1;1;-20.56631;-2.515145;(0.2, 1.6, -0.4)SaccadeStart;
558;11.570;-13.84127;-9.951459;1;1;1;-20.08917;-2.356525;(0.2, 1.6, -0.4)
559;11.586;-12.7872;-9.207832;1;0;1;-19.82883;-2.275034;(0.2, 1.6, -0.4)
560;11.614;-12.66479;-9.184088;0;0;0;-19.34811;-2.136612;(0.2, 1.6, -0.4)
561;11.643;-12.53677;-9.204865;0;0;0;-18.84894;-2.004326;(0.2, 1.6, -0.4)
562;11.672;-12.56453;-9.216623;0;0;0;-18.3631;-1.881068;(0.2, 1.6, -0.4)
563;11.700;-12.46087;-9.29607;0;0;0;-17.87561;-1.760272;(0.2, 1.6, -0.4)
564;11.728;-12.3288;-9.238983;0;0;0;-17.42712;-1.649534;(0.2, 1.6, -0.4)
565;11.758;-12.22104;-9.233776;0;0;0;-16.98587;-1.54965;(0.2, 1.6, -0.4)
566;11.785;-12.02377;-9.20929;0;0;0;-16.57852;-1.463908;(0.2, 1.6, -0.4)
567;11.814;-11.74293;-9.215779;0;0;0;-16.22382;-1.39045;(0.2, 1.6, -0.4)
568;11.842;-11.70002;-9.215103;0;0;0;-15.88785;-1.333495;(0.2, 1.6, -0.4)
569;11.860;-11.55641;-9.307041;0;0;0;-15.73743;-1.315662;(0.2, 1.6, -0.4)
570;11.886;-11.49162;-9.319918;0;0;0;-15.45294;-1.305625;(0.2, 1.6, -0.4)
571;11.959;-10.55264;-9.768244;0;0;0;-15.21442;-1.314704;(0.2, 1.6, -0.4)
572;11.977;-10.44448;-9.798462;0;0;0;-15.0314;-1.343308;(0.2, 1.6, -0.4)
573;12.020;-9.988285;-9.525088;0;0;0;-14.8017;-1.624834;(0.2, 1.6, -0.4)
574;12.068;-9.845516;-9.691395;0;0;0;-14.65436;-1.757335;(0.2, 1.6, -0.4)
575;12.085;-9.867586;-9.646037;0;0;0;-14.29553;-1.894747;(0.2, 1.6, -0.4)
576;12.115;-9.684251;-9.732086;0;0;0;-14.02304;-1.945987;(0.2, 1.6, -0.4)
577;12.143;-9.488503;-10.032;0;0;0;-13.74539;-1.983849;(0.2, 1.6, -0.4)
578;12.206;-9.351656;-10.0767;0;0;0;-13.48016;-2.036388;(0.2, 1.6, -0.4)
579;12.221;-9.382429;-10.08935;0;0;0;-13.05444;-2.183166;(0.2, 1.6, -0.4)
580;12.265;-9.119308;-10.27779;0;0;0;-12.74438;-2.297544;(0.2, 1.6, -0.4)
581;12.279;-8.920527;-10.52974;0;0;0;-12.41818;-2.395;(0.2, 1.6, -0.4)
582;12.299;-8.89865;-10.56073;0;0;0;-12.04587;-2.492526;(0.2, 1.6, -0.4)
583;12.330;-8.659324;-10.72782;0;0;0;-11.64362;-2.591174;(0.2, 1.6, -0.4)
584;12.359;-8.483518;-10.84915;0;0;0;-11.21094;-2.683181;(0.2, 1.6, -0.4)
585;12.386;-8.208632;-11.03392;0;0;0;-10.6752;-2.755144;(0.2, 1.6, -0.4)
586;12.460;-1.954376;-11.29661;1;1;1;-9.994232;-2.815468;(0.2, 1.6, -0.4)SaccadeStart;
587;12.477;4.88286;-11.70195;1;1;1;-9.1539;-2.895714;(0.2, 1.6, -0.4)
588;12.515;4.748825;-11.41639;0;0;0;-6.82251;-3.106375;(0.2, 1.6, -0.4)
589;12.543;6.310837;-11.96543;1;0;1;-5.650452;-3.181147;(0.2, 1.6, -0.4)SaccadeStart;
590;12.570;6.315902;-11.96418;0;0;0;-4.339539;-3.263723;(0.2, 1.6, -0.4)
591;12.585;6.967722;-12.3612;1;0;1;-3.583527;-3.304655;(0.2, 1.6, -0.4)SaccadeStart;
592;12.614;6.658796;-12.35547;0;0;0;-2.045441;-3.328429;(0.2, 1.6, -0.4)
593;12.643;12.6597;-11.59346;1;1;1;-0.2525635;-3.265588;(0.2, 1.6, -0.4)SaccadeStart;
594;12.670;20.99508;-10.75323;1;1;1;1.48675;-3.198982;(0.2, 1.6, -0.4)
595;12.685;21.79535;-10.3898;1;0;1;2.378541;-3.179431;(0.2, 1.6, -0.4)
596;12.717;21.35209;-10.4594;0;0;0;3.928221;-3.173291;(0.2, 1.6, -0.4)
597;12.744;21.66888;-10.4849;0;0;0;5.338048;-3.194869;(0.2, 1.6, -0.4)
598;12.770;22.30869;-10.43422;0;0;0;6.528813;-3.236269;(0.2, 1.6, -0.4)
599;12.784;22.46668;-10.49738;0;0;0;7.1169;-3.27012;(0.2, 1.6, -0.4)
600;12.798;23.15215;-9.710192;1;0;1;7.65144;-3.303252;(0.2, 1.6, -0.4)SaccadeStart;
601;12.813;23.29103;-9.726119;0;0;0;8.183018;-3.332631;(0.2, 1.6, -0.4)
602;12.843;22.97529;-9.672582;0;0;0;9.310573;-3.383651;(0.2, 1.6, -0.4)
603;12.872;23.07436;-9.680493;0;0;0;10.4145;-3.425962;(0.2, 1.6, -0.4)
604;12.899;23.1932;-9.747045;0;0;0;11.51318;-3.45371;(0.2, 1.6, -0.4)
605;12.970;23.15889;-9.879375;0;0;0;12.51901;-3.46138;(0.2, 1.6, -0.4)
606;12.985;23.3263;-10.00748;0;0;0;13.56916;-3.463612;(0.2, 1.6, -0.4)
607;13.013;29.7687;-10.6224;1;1;1;15.66339;-3.485303;(0.2, 1.6, -0.4)SaccadeStart;
608;13.055;31.46442;-10.73512;0;0;0;16.18943;-3.497984;(0.2, 1.6, -0.4)
609;13.069;30.73264;-10.71254;0;0;0;17.54865;-3.513029;(0.2, 1.6, -0.4)
610;13.099;31.60622;-10.82817;0;0;0;18.39545;-3.497857;(0.2, 1.6, -0.4)
611;13.127;31.65173;-10.71258;0;0;0;19.14999;-3.499032;(0.2, 1.6, -0.4)
612;13.156;31.81838;-10.70926;0;0;0;19.81886;-3.502954;(0.2, 1.6, -0.4)
613;13.214;32.19202;-10.75553;0;0;0;20.50876;-3.501506;(0.2, 1.6, -0.4)
614;13.241;32.20741;-10.99978;0;0;0;21.98006;-3.495073;(0.2, 1.6, -0.4)
615;13.255;32.79142;-10.80637;0;0;0;22.34303;-3.481424;(0.2, 1.6, -0.4)
616;13.270;33.03474;-10.7997;0;0;0;22.72112;-3.461415;(0.2, 1.6, -0.4)
617;13.285;32.96361;-10.79092;0;0;0;23.06881;-3.438768;(0.2, 1.6, -0.4)
618;13.313;33.02603;-10.76948;0;0;0;23.75883;-3.381518;(0.2, 1.6, -0.4)
619;13.349;33.05989;-10.78052;0;0;0;24.1263;-3.343712;(0.2, 1.6, -0.4)
620;13.362;34.64495;-9.820394;1;0;1;24.8157;-3.262341;(0.2, 1.6, -0.4)SaccadeStart;
621;13.401;35.39275;-9.0538;0;0;0;25.85738;-3.157616;(0.2, 1.6, -0.4)
622;13.427;36.25396;-8.725659;0;0;0;26.50616;-3.108899;(0.2, 1.6, -0.4)
623;13.500;36.53024;-8.460038;0;0;0;26.84606;-3.089229;(0.2, 1.6, -0.4)
624;13.517;36.54574;-8.472014;0;0;0;27.78707;-3.04919;(0.2, 1.6, -0.4)
625;13.543;36.08375;-8.703917;0;0;0;29.01895;-2.984989;(0.2, 1.6, -0.4)
626;13.573;36.99888;-8.666313;0;0;0;29.59873;-2.966318;(0.2, 1.6, -0.4)
627;13.599;37.47353;-8.839551;0;0;0;30.17216;-2.948114;(0.2, 1.6, -0.4)
628;13.626;37.54887;-8.830249;0;0;0;30.70751;-2.918003;(0.2, 1.6, -0.4)
629;13.641;37.54873;-8.793157;0;0;0;30.98072;-2.893728;(0.2, 1.6, -0.4)
630;13.656;37.55149;-8.707439;0;0;0;31.22255;-2.865102;(0.2, 1.6, -0.4)
631;13.684;37.72467;-8.667658;0;0;0;31.6843;-2.797385;(0.2, 1.6, -0.4)
632;13.699;38.51669;-8.775311;1;1;1;31.89503;-2.758766;(0.2, 1.6, -0.4)SaccadeStart;
633;13.729;38.5772;-8.766455;0;0;0;32.33616;-2.656141;(0.2, 1.6, -0.4)
634;13.757;38.7912;-8.769097;0;0;0;32.80781;-2.515844;(0.2, 1.6, -0.4)
635;13.784;38.90086;-8.766303;0;0;0;33.32528;-2.337799;(0.2, 1.6, -0.4)
636;13.799;39.13433;-8.800612;0;0;0;33.56435;-2.252398;(0.2, 1.6, -0.4)
637;13.812;39.23872;-8.827416;0;0;0;33.79494;-2.169091;(0.2, 1.6, -0.4)
638;13.828;39.16519;-8.860778;0;0;0;34.01818;-2.089053;(0.2, 1.6, -0.4)
639;13.857;39.25927;-8.820626;0;0;0;34.45154;-1.946774;(0.2, 1.6, -0.4)
640;13.886;39.92093;-8.846945;0;0;0;34.84291;-1.860778;(0.2, 1.6, -0.4)
641;13.913;41.13198;-8.241506;0;0;0;35.24939;-1.833019;(0.2, 1.6, -0.4)
642;13.944;46.54057;-8.077009;1;1;1;35.64676;-1.874139;(0.2, 1.6, -0.4)SaccadeStart;
643;13.996;46.84676;-8.118011;0;0;0;36.02151;-1.954451;(0.2, 1.6, -0.4)
644;14.010;47.11914;-8.367815;0;0;0;36.22569;-1.990014;(0.2, 1.6, -0.4)
645;14.040;47.11728;-8.450855;0;0;0;36.78935;-2.011131;(0.2, 1.6, -0.4)
646;14.055;47.32877;-8.497717;0;0;0;37.14498;-1.98335;(0.2, 1.6, -0.4)
647;14.070;47.64885;-8.437494;0;0;0;37.30827;-1.965227;(0.2, 1.6, -0.4)
648;14.099;47.80759;-8.502739;0;0;0;37.63422;-1.928108;(0.2, 1.6, -0.4)
649;14.112;48.35843;-8.848933;1;0;1;37.79035;-1.905562;(0.2, 1.6, -0.4)SaccadeStart;
650;14.141;48.43064;-8.799985;0;0;0;38.13079;-1.840835;(0.1, 1.6, -0.4)
651;14.158;48.47539;-8.823146;0;0;0;38.30804;-1.802767;(0.1, 1.6, -0.4)
652;14.214;48.42122;-8.832326;0;0;0;38.68838;-1.713745;(0.1, 1.6, -0.4)
653;14.241;48.21818;-9.132119;0;0;0;39.40266;-1.48416;(0.1, 1.6, -0.4)
654;14.255;48.57522;-9.103601;0;0;0;39.57277;-1.427034;(0.1, 1.6, -0.4)
655;14.271;48.67141;-9.121912;0;0;0;39.73959;-1.377056;(0.1, 1.6, -0.4)
656;14.314;48.95522;-9.574302;0;0;0;40.16083;-1.218646;(0.1, 1.6, -0.4)
657;14.342;46.90158;-8.973153;1;0;1;40.31928;-1.019097;(0.1, 1.6, -0.4)SaccadeStart;
658;14.372;40.549;-7.440084;1;1;1;40.46883;-0.8242964;(0.1, 1.6, -0.4)
659;14.406;37.20522;-6.600418;1;1;1;40.55055;-0.7422417;(0.1, 1.6, -0.4)
660;14.418;37.15227;-6.620875;0;0;0;40.72957;-0.6287705;(0.1, 1.6, -0.4)
661;14.456;36.98837;-6.696746;0;0;0;41.11416;-0.5306164;(0.1, 1.6, -0.4)
662;14.513;36.92436;-6.615387;0;0;0;41.24722;-0.5086898;(0.1, 1.6, -0.4)
663;14.528;36.85933;-6.628534;0;0;0;41.44198;-0.4820551;(0.1, 1.6, -0.4)
664;14.542;36.82716;-6.658029;0;0;0;41.51722;-0.5057597;(0.1, 1.6, -0.4)
665;14.569;36.88427;-6.651047;0;0;0;41.47797;-0.5486295;(0.1, 1.6, -0.4)
666;14.600;36.87112;-6.67682;0;0;0;41.42719;-0.5580013;(0.1, 1.6, -0.4)
667;14.628;36.75121;-6.417048;0;0;0;41.39603;-0.5182581;(0.1, 1.6, -0.4)
668;14.655;36.77893;-6.433527;0;0;0;41.42766;-0.4541178;(0.1, 1.6, -0.4)
669;14.671;36.76361;-6.430687;0;0;0;41.44511;-0.4165771;(0.1, 1.6, -0.4)
670;14.699;36.78259;-6.449502;0;0;0;41.4516;-0.3314656;(0.1, 1.6, -0.4)
671;14.729;36.78243;-6.447002;0;0;0;41.42234;-0.2344572;(0.1, 1.6, -0.4)
672;14.757;36.78063;-6.42379;0;0;0;41.34728;-0.1492334;(0.1, 1.6, -0.4)
673;14.784;32.92867;-5.191687;1;0;1;41.18637;-0.06404536;(0.1, 1.6, -0.4)SaccadeStart;
674;14.799;32.91394;-5.258637;0;0;0;41.08389;-0.02357616;(0.1, 1.6, -0.4)
675;14.813;32.87503;-5.240718;0;0;0;40.97187;0.01391602;(0.1, 1.6, -0.4)
676;14.842;32.92483;-5.262962;0;0;0;40.73586;0.08346558;(0.1, 1.6, -0.4)
677;14.872;32.83805;-5.310715;0;0;0;40.54023;0.1420593;(0.1, 1.6, -0.4)
678;14.886;32.78289;-5.33139;0;0;0;40.46813;0.1742249;(0.1, 1.6, -0.4)
679;14.914;32.82513;-5.370427;0;0;0;40.34486;0.2556152;(0.1, 1.6, -0.4)
680;14.943;32.69844;-5.492399;0;0;0;40.17465;0.3738708;(0.1, 1.6, -0.4)
681;15.012;32.49847;-5.617423;0;0;0;40.01161;0.4766541;(0.1, 1.6, -0.4)
682;15.054;32.52244;-5.658633;0;0;0;39.85604;0.5590515;(0.1, 1.6, -0.4)
683;15.070;32.58064;-5.899426;0;0;0;39.48716;0.6651917;(0.1, 1.6, -0.4)
684;15.099;32.19722;-5.883475;0;0;0;39.33205;0.7218323;(0.1, 1.6, -0.4)
685;15.114;32.0991;-5.996527;0;0;0;39.25361;0.754364;(0.1, 1.6, -0.4)
686;15.142;31.91723;-6.224694;0;0;0;39.07449;0.822113;(0.1, 1.6, -0.4)
687;15.170;31.77815;-6.33869;0;0;0;38.87608;0.9058838;(0.1, 1.6, -0.4)
688;15.215;31.65654;-6.407657;0;0;0;38.77399;0.9606018;(0.1, 1.6, -0.4)
689;15.229;31.72805;-6.574999;0;0;0;38.50634;1.146973;(0.1, 1.6, -0.4)
690;15.257;31.39204;-6.67055;0;0;0;38.27138;1.273773;(0.1, 1.6, -0.4)
691;15.293;31.01594;-6.754903;0;0;0;37.96273;1.401306;(0.1, 1.6, -0.4)
692;15.304;26.69458;-4.262221;1;0;1;37.791;1.465942;(0.1, 1.6, -0.4)SaccadeStart;
693;15.341;26.70267;-4.007172;0;0;0;37.19474;1.625946;(0.1, 1.6, -0.4)
694;15.356;26.81036;-3.736674;0;0;0;36.98133;1.651062;(0.1, 1.6, -0.4)
695;15.372;26.70768;-3.672535;0;0;0;36.76553;1.662048;(0.1, 1.6, -0.4)
696;15.399;26.71469;-3.498637;0;0;0;36.3174;1.662445;(0.1, 1.6, -0.4)
697;15.428;26.62193;-3.393477;0;0;0;35.89026;1.645172;(0.1, 1.6, -0.4)
698;15.441;25.37019;-2.85896;1;0;1;35.66974;1.631897;(0.1, 1.6, -0.4)SaccadeStart;
699;15.458;22.58204;-3.175864;1;1;1;35.4605;1.623291;(0.1, 1.6, -0.4)
700;15.511;22.28684;-3.166541;0;0;0;35.0161;1.592834;(0.1, 1.6, -0.4)
701;15.526;21.11427;-3.053974;1;1;1;34.77221;1.561707;(0.1, 1.6, -0.4)SaccadeStart;
702;15.541;21.28982;-2.902029;0;0;0;34.04554;1.428253;(0.1, 1.6, -0.4)
703;15.556;20.74543;-2.941758;0;0;0;33.79033;1.361938;(0.1, 1.6, -0.4)
704;15.585;20.50669;-2.903012;0;0;0;33.27585;1.178406;(0.1, 1.6, -0.4)
705;15.614;20.22931;-2.82262;0;0;0;32.75402;0.9216919;(0.1, 1.6, -0.4)
706;15.643;20.14687;-2.742725;0;0;0;32.27414;0.6063843;(0.1, 1.6, -0.4)
707;15.670;19.88365;-2.738035;0;0;0;31.87144;0.3009033;(0.1, 1.6, -0.4)
708;15.687;17.13805;-3.802935;1;0;1;31.66544;0.1524048;(0.1, 1.6, -0.4)SaccadeStart;
709;15.715;17.06073;-3.860066;0;0;0;31.3018;-0.1074227;(0.1, 1.6, -0.4)
710;15.742;17.02726;-3.86863;0;0;0;31.00014;-0.3522526;(0.1, 1.6, -0.4)
711;15.757;16.95718;-3.884928;0;0;0;30.88548;-0.4575623;(0.1, 1.6, -0.4)
712;15.785;16.98273;-3.860694;0;0;0;30.71147;-0.6508979;(0.1, 1.6, -0.4)
713;15.812;16.91284;-3.943663;0;0;0;30.61658;-0.8054606;(0.1, 1.6, -0.4)
714;15.829;16.77574;-4.003335;0;0;0;30.60029;-0.875653;(0.1, 1.6, -0.4)
715;15.856;16.64585;-4.037338;0;0;0;30.66169;-1.028269;(0.1, 1.6, -0.4)
716;15.883;16.64151;-4.286844;0;0;0;30.83775;-1.185368;(0.1, 1.6, -0.4)
717;15.899;29.11944;-5.174568;1;1;1;30.957;-1.270689;(0.1, 1.6, -0.4)SaccadeStart;
718;15.927;32.63234;-5.738892;1;1;1;31.2415;-1.450264;(0.1, 1.6, -0.4)
719;15.942;32.32577;-5.842411;0;0;0;31.39932;-1.536213;(0.1, 1.6, -0.4)
720;15.957;32.30229;-5.87206;0;0;0;31.54169;-1.604;(0.1, 1.6, -0.4)
721;16.027;32.25541;-5.877742;0;0;0;31.81326;-1.705515;(0.1, 1.6, -0.4)
722;16.063;31.80104;-6.077807;0;0;0;32.07922;-1.769902;(0.1, 1.6, -0.4)
723;16.083;30.78537;-6.190516;1;1;1;32.74329;-1.905411;(0.1, 1.6, -0.4)SaccadeStart;
724;16.098;31.17746;-6.302817;0;0;0;32.88124;-1.92798;(0.1, 1.6, -0.4)
725;16.114;31.10933;-6.339653;0;0;0;33.01119;-1.946689;(0.1, 1.6, -0.4)
726;16.141;32.4785;-8.14614;1;0;1;33.27101;-1.969782;(0.1, 1.6, -0.4)SaccadeStart;
727;16.157;33.91306;-9.078683;1;0;1;33.38701;-1.97484;(0.1, 1.6, -0.4)
728;16.185;34.01608;-9.174808;0;0;0;33.60157;-1.978555;(0.1, 1.6, -0.4)
729;16.228;34.07415;-9.365727;0;0;0;33.69355;-1.974105;(0.1, 1.6, -0.4)
730;16.255;33.83638;-9.414769;0;0;0;34.11002;-1.959173;(0.1, 1.6, -0.4)
731;16.270;34.0207;-9.420605;0;0;0;34.23467;-1.957109;(0.1, 1.6, -0.4)
732;16.300;34.04928;-9.428278;0;0;0;34.48247;-1.939193;(0.1, 1.6, -0.4)
733;16.349;33.93596;-9.530615;0;0;0;34.68791;-1.899947;(0.1, 1.6, -0.4)
734;16.362;33.80737;-9.649617;0;0;0;34.84556;-1.856299;(0.1, 1.6, -0.4)
735;16.385;33.61312;-9.838961;0;0;0;34.98217;-1.828894;(0.1, 1.6, -0.4)
736;16.412;33.58187;-9.912781;0;0;0;35.11097;-1.821921;(0.1, 1.6, -0.4)
737;16.428;33.5049;-10.01285;0;0;0;35.17004;-1.820795;(0.1, 1.6, -0.4)
738;16.456;33.50755;-10.04147;0;0;0;35.28835;-1.823707;(0.1, 1.6, -0.4)
739;16.471;33.37535;-10.07726;0;0;0;35.34685;-1.828238;(0.1, 1.6, -0.4)
740;16.528;33.34977;-10.09673;0;0;0;35.48431;-1.862352;(0.1, 1.6, -0.4)
741;16.543;33.29312;-10.13702;0;0;0;35.55574;-1.891957;(0.1, 1.6, -0.4)
742;16.569;33.13382;-10.21737;0;0;0;35.75431;-2.000437;(0.1, 1.6, -0.4)
743;16.585;33.0592;-10.62257;0;0;0;35.77943;-2.018947;(0.1, 1.6, -0.4)
744;16.613;32.60254;-10.82328;0;0;0;35.79997;-2.049127;(0.1, 1.6, -0.4)
745;16.643;28.76701;-10.28289;1;1;1;35.77472;-2.053375;(0.1, 1.6, -0.4)SaccadeStart;
746;16.670;28.52943;-10.07863;0;0;0;35.73278;-2.045801;(0.1, 1.6, -0.4)
747;16.685;28.22878;-10.14142;0;0;0;35.70687;-2.042782;(0.1, 1.6, -0.4)
748;16.699;28.20502;-10.14125;0;0;0;35.67506;-2.045364;(0.1, 1.6, -0.4)
749;16.728;28.18862;-10.15514;0;0;0;35.60815;-2.062065;(0.1, 1.6, -0.4)
750;16.757;28.01561;-10.20587;0;0;0;35.54573;-2.076556;(0.1, 1.6, -0.4)
751;16.784;27.80026;-10.32458;0;0;0;35.50002;-2.083999;(0.1, 1.6, -0.4)
752;16.800;27.42557;-10.4359;0;0;0;35.48005;-2.093674;(0.1, 1.6, -0.4)
753;16.828;27.3433;-10.48049;0;0;0;35.44131;-2.109274;(0.1, 1.6, -0.4)
754;16.860;27.10524;-10.62326;0;0;0;35.38963;-2.124255;(0.1, 1.6, -0.4)
755;16.885;26.74375;-10.81465;0;0;0;35.33597;-2.13535;(0.1, 1.6, -0.4)
756;16.913;26.88152;-10.82426;0;0;0;35.29685;-2.128783;(0.1, 1.6, -0.4)
757;16.944;28.79039;-9.706614;1;0;1;35.25437;-2.108244;(0.1, 1.6, -0.4)SaccadeStart;
758;16.969;28.78013;-9.681591;0;0;0;35.20411;-2.092144;(0.1, 1.6, -0.4)
759;16.984;28.74096;-9.666296;0;0;0;35.1749;-2.085855;(0.1, 1.6, -0.4)
760;17.047;28.66649;-9.690353;0;0;0;35.10212;-2.072138;(0.1, 1.6, -0.4)
761;17.075;28.51218;-9.782804;0;0;0;35.06649;-2.063655;(0.1, 1.6, -0.4)
762;17.112;28.05184;-10.09228;0;0;0;34.82617;-1.956972;(0.1, 1.6, -0.4)
763;17.129;27.503;-10.41677;0;0;0;34.7759;-1.942314;(0.1, 1.6, -0.4)
764;17.155;27.40266;-10.44096;0;0;0;34.66462;-1.913521;(0.1, 1.6, -0.4)
765;17.169;27.3868;-10.4147;0;0;0;34.60783;-1.896948;(0.1, 1.6, -0.4)
766;17.184;27.35619;-10.4103;0;0;0;34.54565;-1.876852;(0.1, 1.6, -0.4)
767;17.202;27.24663;-10.46778;0;0;0;34.4881;-1.857359;(0.1, 1.6, -0.4)
768;17.252;27.08481;-10.59225;0;0;0;34.37409;-1.819317;(0.1, 1.6, -0.4)
769;17.271;26.70714;-10.7234;0;0;0;34.20446;-1.774043;(0.1, 1.6, -0.4)
770;17.298;26.55503;-10.70099;0;0;0;34.07577;-1.755715;(0.1, 1.6, -0.4)
771;17.313;26.24596;-10.81932;0;0;0;34.00561;-1.749984;(0.1, 1.6, -0.4)
772;17.341;26.24634;-10.78316;0;0;0;33.84495;-1.746849;(0.1, 1.6, -0.4)
773;17.356;26.16606;-10.47981;0;0;0;33.7597;-1.751678;(0.1, 1.6, -0.4)
774;17.392;26.20159;-10.47882;0;0;0;33.67;-1.75885;(0.1, 1.6, -0.4)
775;17.404;26.1672;-10.47824;0;0;0;33.48154;-1.776531;(0.1, 1.6, -0.4)
776;17.442;26.12535;-10.48458;0;0;0;33.22485;-1.788037;(0.1, 1.6, -0.4)
777;17.455;23.88463;-9.509018;1;0;1;33.14428;-1.790888;(0.1, 1.6, -0.4)SaccadeStart;
778;17.484;23.88478;-9.513558;0;0;0;32.98764;-1.7893;(0.1, 1.6, -0.4)
779;17.498;23.65925;-9.673405;0;0;0;32.91653;-1.781181;(0.1, 1.6, -0.4)
780;17.513;23.47337;-9.748706;0;0;0;32.85777;-1.774425;(0.1, 1.6, -0.4)
781;17.554;23.293;-9.714162;0;0;0;32.80359;-1.767493;(0.1, 1.6, -0.4)
782;17.567;23.27069;-9.717015;0;0;0;32.74997;-1.760586;(0.1, 1.6, -0.4)
783;17.584;22.7283;-9.961966;0;0;0;32.60608;-1.740439;(0.1, 1.6, -0.4)
784;17.613;22.62135;-9.982851;0;0;0;32.48995;-1.725796;(0.1, 1.6, -0.4)
785;17.640;22.13622;-10.42129;0;0;0;32.36301;-1.715866;(0.1, 1.6, -0.4)
786;17.654;21.74212;-10.88945;0;0;0;32.30063;-1.714683;(0.1, 1.6, -0.4)
787;17.671;21.70174;-10.9076;0;0;0;32.23532;-1.717338;(0.1, 1.6, -0.4)
788;17.699;21.66958;-10.90189;0;0;0;32.09723;-1.726389;(0.1, 1.6, -0.4)
789;17.727;21.571;-10.93301;0;0;0;31.9569;-1.727907;(0.1, 1.6, -0.4)
790;17.744;21.47799;-10.99657;0;0;0;31.87328;-1.728018;(0.1, 1.6, -0.4)
791;17.770;21.44055;-11.02052;0;0;0;31.7026;-1.722232;(0.1, 1.6, -0.4)
792;17.798;21.1418;-11.17668;0;0;0;31.51521;-1.699004;(0.1, 1.6, -0.4)
793;17.813;20.97742;-11.30924;0;0;0;31.42104;-1.68136;(0.1, 1.6, -0.4)
794;17.844;20.8581;-11.33477;0;0;0;31.2065;-1.635208;(0.1, 1.6, -0.4)
795;17.857;20.64384;-11.50136;0;0;0;31.10261;-1.610625;(0.1, 1.6, -0.4)
796;17.883;20.70175;-11.52475;0;0;0;30.85049;-1.542469;(0.1, 1.6, -0.4)
797;17.897;20.54184;-11.58602;0;0;0;30.72641;-1.512513;(0.1, 1.6, -0.4)
798;17.913;20.40722;-11.6976;0;0;0;30.59591;-1.48641;(0.1, 1.6, -0.4)
799;17.927;20.36732;-11.80169;0;0;0;30.45975;-1.464969;(0.1, 1.6, -0.4)
800;17.955;20.11411;-11.92335;0;0;0;30.15677;-1.437092;(0.1, 1.6, -0.4)
801;17.968;19.80684;-11.94672;0;0;0;30.00097;-1.428512;(0.1, 1.6, -0.4)
802;17.985;19.74774;-11.94515;0;0;0;29.82321;-1.425641;(0.1, 1.6, -0.4)
803;18.014;19.73745;-11.94034;0;0;0;29.46034;-1.435453;(0.1, 1.6, -0.4)
804;18.067;19.72954;-11.97284;0;0;0;29.26384;-1.450761;(0.1, 1.6, -0.4)
805;18.081;19.88817;-11.90591;0;0;0;28.82391;-1.503982;(0.1, 1.6, -0.4)
806;18.099;18.23925;-11.56067;1;1;1;28.0926;-1.603682;(0.1, 1.6, -0.4)SaccadeStart;
807;18.127;16.19722;-10.83379;1;0;1;27.57538;-1.665534;(0.1, 1.6, -0.4)
808;18.142;14.30973;-11.11835;1;1;1;27.28663;-1.697397;(0.1, 1.6, -0.4)
809;18.170;14.04003;-11.0186;0;0;0;26.7234;-1.749901;(0.1, 1.6, -0.4)
810;18.185;13.86366;-10.93236;0;0;0;26.43501;-1.764141;(0.1, 1.6, -0.4)
811;18.198;13.76175;-10.94628;0;0;0;26.12195;-1.776695;(0.1, 1.6, -0.4)
812;18.226;13.89162;-10.93606;0;0;0;25.52433;-1.809473;(0.1, 1.6, -0.4)
813;18.268;13.77287;-10.97061;0;0;0;25.19641;-1.826347;(0.1, 1.6, -0.4)
814;18.284;14.19236;-10.97459;0;0;0;24.22651;-1.887898;(0.1, 1.6, -0.4)
815;18.297;9.188223;-10.16433;1;1;1;23.89242;-1.905979;(0.1, 1.6, -0.4)SaccadeStart;
816;18.312;7.117836;-9.85638;1;1;1;23.54954;-1.917691;(0.1, 1.6, -0.4)
817;18.330;3.94631;-10.14524;1;1;1;23.17071;-1.920538;(0.1, 1.6, -0.4)
818;18.354;3.182151;-10.48301;0;0;0;22.43258;-1.923591;(0.1, 1.6, -0.4)
819;18.369;2.914178;-10.51877;0;0;0;22.04996;-1.927084;(0.1, 1.6, -0.4)
820;18.384;2.771688;-10.51279;0;0;0;21.63161;-1.933785;(0.1, 1.6, -0.4)
821;18.412;2.819821;-10.47058;0;0;0;20.83117;-1.950764;(0.1, 1.6, -0.4)
822;18.436;2.665457;-10.43585;0;0;0;20.42059;-1.959148;(0.1, 1.6, -0.4)
823;18.450;2.736294;-10.42487;0;0;0;20.00338;-1.968673;(0.1, 1.6, -0.4)
824;18.471;2.934902;-10.43452;0;0;0;19.12918;-1.99283;(0.1, 1.6, -0.4)
825;18.499;2.382628;-10.46837;0;0;0;18.25741;-2.032508;(0.1, 1.6, -0.4)
826;18.514;2.359055;-10.47098;0;0;0;17.83878;-2.063665;(0.1, 1.6, -0.4)
827;18.572;2.23277;-10.48865;0;0;0;17.01159;-2.162017;(0.1, 1.6, -0.4)
828;18.587;1.010383;-10.59268;1;1;1;16.5726;-2.240213;(0.1, 1.6, -0.4)SaccadeStart;
829;18.613;0.9352192;-9.758892;0;0;0;14.90177;-2.65879;(0.1, 1.6, -0.4)
830;18.627;-0.2492917;-9.677143;1;1;1;14.49951;-2.776874;(0.1, 1.6, -0.4)SaccadeStart;
831;18.640;-0.318634;-9.26323;0;0;0;14.07743;-2.905171;(0.1, 1.6, -0.4)
832;18.654;-0.5443398;-9.173019;0;0;0;13.69514;-3.02696;(0.1, 1.6, -0.4)
833;18.671;-0.7034895;-8.957685;0;0;0;13.29612;-3.157662;(0.1, 1.6, -0.4)
834;18.698;-0.880412;-8.960479;0;0;0;12.57375;-3.387497;(0.1, 1.6, -0.4)
835;18.727;-0.7127672;-8.805572;0;0;0;11.87426;-3.573383;(0.1, 1.6, -0.4)
836;18.742;-1.025992;-8.688255;0;0;0;11.50833;-3.652145;(0.1, 1.6, -0.4)
837;18.770;-1.611244;-8.897686;0;0;0;10.8306;-3.783094;(0.1, 1.6, -0.4)
838;18.786;-1.894499;-9.147986;0;0;0;10.48333;-3.846516;(0.1, 1.6, -0.4)
839;18.813;-1.798984;-9.16303;0;0;0;9.736133;-3.97161;(0.1, 1.6, -0.4)
840;18.828;-1.92919;-9.182906;0;0;0;9.365461;-4.027108;(0.1, 1.6, -0.4)
841;18.854;-1.868811;-9.250541;0;0;0;8.593795;-4.125967;(0.1, 1.6, -0.4)
842;18.870;-1.985785;-9.266787;0;0;0;8.220867;-4.170652;(0.1, 1.6, -0.4)
843;18.900;-1.855119;-9.331924;0;0;0;7.456872;-4.248224;(0.1, 1.6, -0.4)
844;18.926;-1.99681;-9.424802;0;0;0;6.725294;-4.280705;(0.1, 1.6, -0.4)
845;18.942;-2.023329;-9.488704;0;0;0;6.355068;-4.276995;(0.1, 1.6, -0.4)
846;18.970;-1.903494;-9.509859;0;0;0;5.571844;-4.241684;(0.1, 1.6, -0.4)
847;18.983;-2.051479;-9.554062;0;0;0;5.156475;-4.213918;(0.1, 1.6, -0.4)
848;19.001;-2.026391;-9.687438;0;0;0;4.707926;-4.18582;(0.1, 1.6, -0.4)
849;19.039;-2.150858;-9.714953;0;0;0;3.97497;-4.156376;(0.1, 1.6, -0.4)
850;19.082;-8.735871;-10.90913;1;1;1;3.170743;-4.150775;(0.1, 1.6, -0.4)SaccadeStart;
851;19.095;-9.636625;-11.02723;1;1;1;2.797307;-4.154381;(0.1, 1.6, -0.4)
852;19.112;-9.481048;-10.60413;0;0;0;1.740245;-4.161715;(0.1, 1.6, -0.4)
853;19.128;-10.94865;-10.9735;1;1;1;1.431807;-4.150254;(0.1, 1.6, -0.4)SaccadeStart;
854;19.156;-10.9002;-10.97561;0;0;0;0.8601548;-4.085874;(0.1, 1.6, -0.4)
855;19.184;-11.35032;-11.14501;0;0;0;0.3719155;-3.992372;(0.1, 1.6, -0.4)
856;19.198;-11.36802;-11.13559;0;0;0;0.1329824;-3.933046;(0.1, 1.6, -0.4)
857;19.229;-11.4137;-11.2958;0;0;0;-0.2771606;-3.811573;(0.1, 1.6, -0.4)
858;19.283;-11.63126;-11.49478;0;0;0;-0.6601257;-3.662856;(0.1, 1.6, -0.4)
859;19.305;-12.09565;-12.20546;0;0;0;-1.16861;-3.429646;(0.1, 1.6, -0.4)
860;19.318;-12.34868;-12.13554;0;0;0;-1.322845;-3.356254;(0.1, 1.6, -0.4)
861;19.355;-12.50043;-12.54308;0;0;0;-1.789368;-3.114405;(0.1, 1.6, -0.4)
862;19.370;-12.59846;-12.61692;0;0;0;-1.948975;-3.028262;(0.1, 1.6, -0.4)
863;19.385;-12.56474;-12.72084;0;0;0;-2.114685;-2.941833;(0.1, 1.6, -0.4)
864;19.412;-12.54115;-12.77279;0;0;0;-2.489349;-2.7618;(0.1, 1.6, -0.4)
865;19.427;-13.47027;-12.27311;1;0;1;-2.682587;-2.669833;(0.2, 1.6, -0.4)SaccadeStart;
866;19.443;-14.07129;-12.05743;0;0;0;-2.894592;-2.561579;(0.2, 1.6, -0.4)
867;19.469;-16.62016;-11.15253;1;0;1;-3.314362;-2.331334;(0.2, 1.6, -0.4)SaccadeStart;
868;19.483;-16.98255;-10.99458;0;0;0;-3.535065;-2.206909;(0.2, 1.6, -0.4)
869;19.499;-16.88064;-10.72725;0;0;0;-3.775269;-2.069206;(0.2, 1.6, -0.4)
870;19.513;-16.9021;-10.49226;0;0;0;-3.996216;-1.933188;(0.2, 1.6, -0.4)
871;19.540;-16.98132;-10.41797;0;0;0;-4.422119;-1.627132;(0.2, 1.6, -0.4)
872;19.554;-17.07252;-10.51091;0;0;0;-4.608185;-1.480693;(0.2, 1.6, -0.4)
873;19.598;-17.13857;-10.47142;0;0;0;-4.784637;-1.351091;(0.2, 1.6, -0.4)
874;19.611;-17.13296;-10.5125;0;0;0;-4.949982;-1.24615;(0.2, 1.6, -0.4)
875;19.627;-17.60439;-10.91438;0;0;0;-5.367584;-1.038464;(0.2, 1.6, -0.4)
876;19.654;-17.96193;-10.83069;0;0;0;-5.535645;-0.9120079;(0.2, 1.6, -0.4)
877;19.669;-18.12448;-10.86787;0;0;0;-5.584686;-0.8513615;(0.2, 1.6, -0.4)
878;19.683;-17.79449;-10.77561;0;0;0;-5.61673;-0.7953973;(0.2, 1.6, -0.4)
879;19.699;-11.59808;-9.891336;1;1;1;-5.638885;-0.7364612;(0.2, 1.6, -0.4)SaccadeStart;
880;19.728;-8.709404;-9.886894;1;1;1;-5.668671;-0.6242951;(0.2, 1.6, -0.4)
881;19.744;-8.72692;-9.978404;0;0;0;-5.689056;-0.5682917;(0.2, 1.6, -0.4)
882;19.770;-8.76005;-10.04633;0;0;0;-5.743774;-0.4592994;(0.2, 1.6, -0.4)
883;19.783;-8.825749;-10.27103;0;0;0;-5.772766;-0.4106154;(0.2, 1.6, -0.4)
884;19.798;-8.870237;-10.29259;0;0;0;-5.800964;-0.3678574;(0.2, 1.6, -0.4)
885;19.812;-8.904233;-10.38585;0;0;0;-5.822052;-0.3408735;(0.2, 1.6, -0.4)
886;19.827;-8.897002;-10.47365;0;0;0;-5.838684;-0.3286089;(0.2, 1.6, -0.4)
887;19.839;-8.919796;-10.53977;0;0;0;-5.853729;-0.3253616;(0.2, 1.6, -0.4)
888;19.856;-8.95105;-10.65701;0;0;0;-5.868011;-0.323256;(0.2, 1.6, -0.4)
889;19.885;-8.953673;-10.69838;0;0;0;-5.903809;-0.2961712;(0.2, 1.6, -0.4)
890;19.912;-8.963203;-10.75973;0;0;0;-5.955566;-0.231157;(0.2, 1.6, -0.4)
891;19.929;-8.973684;-10.98391;0;0;0;-5.986847;-0.1988204;(0.2, 1.6, -0.4)
892;19.943;-8.963895;-11.00469;0;0;0;-6.021027;-0.1689286;(0.2, 1.6, -0.4)
893;19.972;-9.01799;-10.97339;0;0;0;-6.081512;-0.1160988;(0.2, 1.6, -0.4)
894;19.999;-9.168922;-11.14626;0;0;0;-6.144012;-0.06091566;(0.2, 1.6, -0.4)
895;20.013;-9.168971;-11.31141;0;0;0;-6.172943;-0.0398921;(0.2, 1.6, -0.4)
896;20.052;-9.109271;-11.4083;0;0;0;-6.197418;-0.02788923;(0.2, 1.6, -0.4)
897;20.068;-9.107183;-11.44885;0;0;0;-6.209381;-0.04941377;(0.2, 1.6, -0.4)
898;20.116;-9.164204;-11.52491;0;0;0;-6.200226;-0.06245587;(0.2, 1.6, -0.4)
899;20.129;-9.191714;-11.55555;0;0;0;-6.194061;-0.06938471;(0.2, 1.6, -0.4)
900;20.156;-9.375264;-11.99438;0;0;0;-6.248566;0.012146;(0.2, 1.6, -0.4)
901;20.184;-9.289817;-12.15354;0;0;0;-6.319702;0.07601929;(0.2, 1.6, -0.4)
902;20.199;-9.262217;-12.22391;0;0;0;-6.375549;0.09475708;(0.2, 1.6, -0.4)
903;20.227;-9.250644;-12.2847;0;0;0;-6.491333;0.09024048;(0.2, 1.6, -0.4)
904;20.244;-9.280835;-12.40237;0;0;0;-6.549225;0.06658936;(0.2, 1.6, -0.4)
905;20.300;-9.302106;-12.35828;0;0;0;-6.673584;-0.02113077;(0.2, 1.6, -0.4)
906;20.330;-9.254524;-12.19853;0;0;0;-6.882721;-0.3098208;(0.2, 1.6, -0.4)
907;20.363;-9.391477;-12.44015;0;0;0;-6.9505;-0.4560252;(0.2, 1.6, -0.4)
908;20.378;-9.906322;-12.35759;0;0;0;-6.973724;-0.5112602;(0.2, 1.6, -0.4)
909;20.397;-10.59348;-11.4468;1;0;1;-6.995819;-0.5942928;(0.2, 1.6, -0.4)SaccadeStart;
910;20.413;-10.88534;-11.35721;0;0;0;-6.99234;-0.6181182;(0.2, 1.6, -0.4)
911;20.426;-10.90703;-11.32966;0;0;0;-6.983093;-0.6295791;(0.2, 1.6, -0.4)
912;20.441;-10.90319;-11.32999;0;0;0;-6.97049;-0.6265287;(0.2, 1.6, -0.4)
913;20.456;-10.95115;-11.32814;0;0;0;-6.955902;-0.6058497;(0.2, 1.6, -0.4)
914;20.470;-11.02117;-11.3611;0;0;0;-6.943634;-0.56805;(0.2, 1.6, -0.4)
915;20.498;-11.03209;-11.3584;0;0;0;-6.930725;-0.4352726;(0.2, 1.6, -0.4)
916;20.512;-11.14566;-11.37977;0;0;0;-6.930878;-0.3481875;(0.2, 1.6, -0.4)
917;20.527;-11.23278;-11.4757;0;0;0;-6.932739;-0.2502828;(0.2, 1.6, -0.4)
918;20.541;-11.3945;-11.46031;0;0;0;-6.934875;-0.1439473;(0.2, 1.6, -0.4)
919;20.554;-11.38805;-11.48071;0;0;0;-6.936188;-0.02318015;(0.2, 1.6, -0.4)
920;20.574;-11.38102;-11.53844;0;0;0;-6.936035;0.09466553;(0.2, 1.6, -0.4)
921;20.628;-11.33747;-11.63807;0;0;0;-6.924591;0.3473511;(0.2, 1.6, -0.4)
922;20.642;-11.27392;-11.76047;0;0;0;-6.91864;0.4724121;(0.2, 1.6, -0.4)
923;20.655;-13.14477;-10.84423;1;0;1;-6.950348;0.8764343;(0.2, 1.6, -0.4)SaccadeStart;
924;20.670;-13.20968;-10.39975;0;0;0;-6.980682;1.013336;(0.2, 1.6, -0.4)
925;20.684;-13.25545;-10.3104;0;0;0;-7.01825;1.159912;(0.2, 1.6, -0.4)
926;20.699;-13.27339;-10.27134;0;0;0;-7.056671;1.286316;(0.2, 1.6, -0.4)
927;20.712;-13.27906;-10.23859;0;0;0;-7.096191;1.393951;(0.2, 1.6, -0.4)
928;20.728;-13.2835;-10.2098;0;0;0;-7.132324;1.470917;(0.2, 1.6, -0.4)
929;20.742;-13.30681;-10.18855;0;0;0;-7.165894;1.521729;(0.2, 1.6, -0.4)
930;20.756;-13.29916;-10.18623;0;0;0;-7.188202;1.541992;(0.2, 1.6, -0.4)
931;20.771;-13.33623;-10.16255;0;0;0;-7.202759;1.539612;(0.2, 1.6, -0.4)
932;20.785;-13.55452;-10.07008;0;0;0;-7.211334;1.518219;(0.2, 1.6, -0.4)
933;20.798;-13.55319;-10.05478;0;0;0;-7.213959;1.47937;(0.2, 1.6, -0.4)
934;20.812;-13.59199;-10.05749;0;0;0;-7.210327;1.434235;(0.2, 1.6, -0.4)
935;20.827;-13.59485;-10.04432;0;0;0;-7.19751;1.384308;(0.2, 1.6, -0.4)
936;20.840;-13.62785;-10.06398;0;0;0;-7.175507;1.328186;(0.2, 1.6, -0.4)
937;20.855;-13.62458;-10.08417;0;0;0;-7.150879;1.27594;(0.2, 1.6, -0.4)
938;20.869;-13.55251;-10.11917;0;0;0;-7.123749;1.226929;(0.2, 1.6, -0.4)
939;20.884;-13.52441;-10.13401;0;0;0;-7.099609;1.181;(0.2, 1.6, -0.4)
940;20.898;-13.55661;-10.17347;0;0;0;-7.078583;1.137573;(0.2, 1.6, -0.4)
941;20.912;-13.56639;-10.2387;0;0;0;-7.066559;1.105469;(0.2, 1.6, -0.4)
942;20.925;-13.57725;-10.32144;0;0;0;-7.061768;1.082367;(0.2, 1.6, -0.4)
943;20.941;-13.606;-10.44483;0;0;0;-7.063904;1.068878;(0.2, 1.6, -0.4)
944;20.955;-13.61811;-10.5924;0;0;0;-7.069824;1.069702;(0.2, 1.6, -0.4)
945;20.971;-13.65669;-10.74601;0;0;0;-7.078064;1.085022;(0.2, 1.6, -0.4)
946;20.985;-13.64023;-10.73624;0;0;0;-7.086029;1.111481;(0.2, 1.6, -0.4)
947;20.999;-13.67971;-10.88799;0;0;0;-7.094696;1.148682;(0.2, 1.6, -0.4)
948;21.012;-13.65006;-10.8874;0;0;0;-7.101959;1.191193;(0.2, 1.6, -0.4)
